1712812200.141971000 1712812200.116981615 64 1712812200.052981615 1 20
1712812200.167004000 1712812200.141981615 89 1712812200.052981615 1 20
1712812200.191994000 1712812200.166981615 114 1712812200.052981615 1 20
1712812200.217078000 1712812200.191981615 139 1712812200.052981615 1 20
1712812200.242133000 1712812200.216981615 164 1712812200.052981615 1 20
1712812200.267197000 1712812200.241981615 189 1712812200.052981615 1 20
1712812200.292239000 1712812200.266981615 214 1712812200.052981615 1 20
1712812200.317284000 1712812200.291981615 239 1712812200.052981615 1 20
1712812200.342354000 1712812200.316981615 264 1712812200.052981615 1 20
1712812200.367374000 1712812200.341981615 289 1712812200.052981615 1 20
1712812200.392418000 1712812200.366981615 314 1712812200.052981615 1 20
1712812200.417451000 1712812200.391981615 339 1712812200.052981615 1 20
1712812200.442473000 1712812200.416981615 364 1712812200.052981615 1 20
1712812200.467537000 1712812200.441981615 389 1712812200.052981615 1 20
1712812200.492556000 1712812200.466981615 414 1712812200.052981615 1 20
1712812200.517623000 1712812200.492981615 440 1712812200.052981615 1 20
1712812200.542616000 1712812200.517981615 465 1712812200.052981615 1 20
1712812200.567653000 1712812200.542981615 490 1712812200.052981615 1 20
1712812200.592643000 1712812200.567981615 515 1712812200.052981615 1 20
1712812200.617675000 1712812200.592981615 540 1712812200.052981615 1 20
1712812200.642745000 1712812200.617981615 565 1712812200.052981615 1 20
1712812200.667866000 1712812200.642981615 590 1712812200.052981615 1 20
1712812200.692734000 1712812200.667981615 615 1712812200.052981615 1 20
1712812200.717779000 1712812200.692981615 640 1712812200.052981615 1 20
1712812200.742713000 1712812200.717981615 665 1712812200.052981615 1 20
1712812200.767733000 1712812200.742981615 690 1712812200.052981615 1 20
1712812200.792729000 1712812200.767981615 715 1712812200.052981615 1 20
1712812200.817727000 1712812200.792981615 740 1712812200.052981615 1 20
1712812200.842748000 1712812200.817981615 765 1712812200.052981615 1 20
1712812200.867689000 1712812200.842981615 790 1712812200.052981615 1 20
1712812200.892727000 1712812200.867981615 815 1712812200.052981615 1 20
1712812200.917716000 1712812200.892981615 840 1712812200.052981615 1 20
1712812200.942714000 1712812200.917981615 865 1712812200.052981615 1 20
1712812200.967737000 1712812200.942981615 890 1712812200.052981615 1 20
1712812200.992710000 1712812200.967981615 915 1712812200.052981615 1 20
1712812201.017747000 1712812200.992981615 940 1712812200.052981615 1 20
1712812201.042816000 1712812201.017981615 965 1712812200.052981615 1 20
1712812201.067760000 1712812201.042981615 990 1712812200.052981615 1 20
1712812201.092785000 1712812201.067981615 1015 1712812200.052981615 1 20
1712812201.117759000 1712812201.092981615 1040 1712812200.052981615 1 20
1712812201.142750000 1712812201.117981615 1065 1712812200.052981615 1 20
1712812201.167748000 1712812201.142981615 1090 1712812200.052981615 1 20
1712812201.192750000 1712812201.167981615 1115 1712812200.052981615 1 20
1712812201.217800000 1712812201.192981615 1140 1712812200.052981615 1 20
1712812201.242759000 1712812201.217981615 1165 1712812200.052981615 1 20
1712812201.267910000 1712812201.242981615 1190 1712812200.052981615 1 20
1712812201.292852000 1712812201.267981615 1215 1712812200.052981615 1 20
1712812201.317880000 1712812201.292981615 1240 1712812200.052981615 1 20
1712812201.342921000 1712812201.317981615 1265 1712812200.052981615 1 20
1712812201.367836000 1712812201.342981615 1290 1712812200.052981615 1 20
1712812201.392843000 1712812201.367981615 1315 1712812200.052981615 1 20
1712812201.417868000 1712812201.392981615 1340 1712812200.052981615 1 20
1712812201.442871000 1712812201.417981615 1365 1712812200.052981615 1 20
1712812201.467857000 1712812201.442981615 1390 1712812200.052981615 1 20
1712812201.492835000 1712812201.467981615 1415 1712812200.052981615 1 20
1712812201.517843000 1712812201.492981615 1440 1712812200.052981615 1 20
1712812201.542922000 1712812201.517981615 1465 1712812200.052981615 1 20
1712812201.567829000 1712812201.542981615 1490 1712812200.052981615 1 20
1712812201.592834000 1712812201.567981615 1515 1712812200.052981615 1 20
1712812201.617846000 1712812201.592981615 1540 1712812200.052981615 1 20
1712812201.642846000 1712812201.617981615 1565 1712812200.052981615 1 20
1712812201.667931000 1712812201.642981615 1590 1712812200.052981615 1 20
1712812201.693043000 1712812201.667981615 1615 1712812200.052981615 1 20
1712812201.717877000 1712812201.692981615 1640 1712812200.052981615 1 20
1712812201.742842000 1712812201.717981615 1665 1712812200.052981615 1 20
1712812201.767838000 1712812201.742981615 1690 1712812200.052981615 1 20
1712812201.792843000 1712812201.767981615 1715 1712812200.052981615 1 20
1712812201.817849000 1712812201.792981615 1740 1712812200.052981615 1 20
1712812201.842862000 1712812201.817981615 1765 1712812200.052981615 1 20
1712812201.867872000 1712812201.842981615 1790 1712812200.052981615 1 20
1712812201.892865000 1712812201.867981615 1815 1712812200.052981615 1 20
1712812201.917813000 1712812201.892981615 1840 1712812200.052981615 1 20
1712812201.942816000 1712812201.917981615 1865 1712812200.052981615 1 20
1712812201.967809000 1712812201.942981615 1890 1712812200.052981615 1 20
1712812201.992824000 1712812201.967981615 1915 1712812200.052981615 1 20
1712812202.017821000 1712812201.992981615 1940 1712812200.052981615 1 20
1712812202.042842000 1712812202.017981615 1965 1712812200.052981615 1 20
1712812202.067844000 1712812202.042981615 1990 1712812200.052981615 1 20
1712812202.092861000 1712812202.067981615 2015 1712812200.052981615 1 20
1712812202.117855000 1712812202.092981615 2040 1712812200.052981615 1 20
1712812202.142821000 1712812202.117981615 2065 1712812200.052981615 1 20
1712812202.167825000 1712812202.142981615 2090 1712812200.052981615 1 20
1712812202.192837000 1712812202.167981615 2115 1712812200.052981615 1 20
1712812202.217842000 1712812202.192981615 2140 1712812200.052981615 1 20
1712812202.242830000 1712812202.217981615 2165 1712812200.052981615 1 20
1712812202.267860000 1712812202.242981615 2190 1712812200.052981615 1 20
1712812202.292852000 1712812202.267981615 2215 1712812200.052981615 1 20
1712812202.317853000 1712812202.292981615 2240 1712812200.052981615 1 20
1712812202.342825000 1712812202.317981615 2265 1712812200.052981615 1 20
1712812202.367824000 1712812202.342981615 2290 1712812200.052981615 1 20
1712812202.392874000 1712812202.367981615 2315 1712812200.052981615 1 20
1712812202.417840000 1712812202.392981615 2340 1712812200.052981615 1 20
1712812202.442861000 1712812202.417981615 2365 1712812200.052981615 1 20
1712812202.467900000 1712812202.442981615 2390 1712812200.052981615 1 20
1712812202.492847000 1712812202.467981615 2415 1712812200.052981615 1 20
1712812202.517849000 1712812202.492981615 2440 1712812200.052981615 1 20
1712812202.542824000 1712812202.517981615 2465 1712812200.052981615 1 20
1712812202.567827000 1712812202.542981615 2490 1712812200.052981615 1 20
1712812202.592834000 1712812202.567981615 2515 1712812200.052981615 1 20
1712812202.617839000 1712812202.592981615 2540 1712812200.052981615 1 20
1712812202.642859000 1712812202.617981615 2565 1712812200.052981615 1 20
1712812202.667819000 1712812202.642981615 2590 1712812200.052981615 1 20
1712812202.692894000 1712812202.667981615 2615 1712812200.052981615 1 20
1712812202.717862000 1712812202.692981615 2640 1712812200.052981615 1 20
1712812202.742875000 1712812202.717981615 2665 1712812200.052981615 1 20
1712812202.767888000 1712812202.742981615 2690 1712812200.052981615 1 20
1712812202.792902000 1712812202.767981615 2715 1712812200.052981615 1 20
1712812202.817972000 1712812202.792981615 2740 1712812200.052981615 1 20
1712812202.842896000 1712812202.817981615 2765 1712812200.052981615 1 20
1712812202.867919000 1712812202.842981615 2790 1712812200.052981615 1 20
1712812202.892918000 1712812202.867981615 2815 1712812200.052981615 1 20
1712812202.917925000 1712812202.892981615 2840 1712812200.052981615 1 20
1712812202.942956000 1712812202.917981615 2865 1712812200.052981615 1 20
1712812202.967908000 1712812202.942981615 2890 1712812200.052981615 1 20
1712812202.992921000 1712812202.967981615 2915 1712812200.052981615 1 20
1712812203.017956000 1712812202.992981615 2940 1712812200.052981615 1 20
1712812203.042927000 1712812203.017981615 2965 1712812200.052981615 1 20
1712812203.068023000 1712812203.042981615 2990 1712812200.052981615 1 20
1712812203.093090000 1712812203.067981615 3015 1712812200.052981615 1 20
1712812203.117923000 1712812203.092981615 3040 1712812200.052981615 1 20
1712812203.142959000 1712812203.117981615 3065 1712812200.052981615 1 20
1712812203.167914000 1712812203.142981615 3090 1712812200.052981615 1 20
1712812203.192943000 1712812203.167981615 3115 1712812200.052981615 1 20
1712812203.217905000 1712812203.192981615 3140 1712812200.052981615 1 20
1712812203.242939000 1712812203.217981615 3165 1712812200.052981615 1 20
1712812203.267973000 1712812203.242981615 3190 1712812200.052981615 1 20
1712812203.292974000 1712812203.267981615 3215 1712812200.052981615 1 20
1712812203.317957000 1712812203.292981615 3240 1712812200.052981615 1 20
1712812203.342993000 1712812203.317981615 3265 1712812200.052981615 1 20
1712812203.367961000 1712812203.342981615 3290 1712812200.052981615 1 20
1712812203.392972000 1712812203.367981615 3315 1712812200.052981615 1 20
1712812203.417959000 1712812203.392981615 3340 1712812200.052981615 1 20
1712812203.442953000 1712812203.417981615 3365 1712812200.052981615 1 20
1712812203.468016000 1712812203.442981615 3390 1712812200.052981615 1 20
1712812203.492996000 1712812203.467981615 3415 1712812200.052981615 1 20
1712812203.517940000 1712812203.492981615 3440 1712812200.052981615 1 20
1712812203.542918000 1712812203.517981615 3465 1712812200.052981615 1 20
1712812203.567938000 1712812203.542981615 3490 1712812200.052981615 1 20
1712812203.592963000 1712812203.567981615 3515 1712812200.052981615 1 20
1712812203.617960000 1712812203.592981615 3540 1712812200.052981615 1 20
1712812203.642925000 1712812203.617981615 3565 1712812200.052981615 1 20
1712812203.667933000 1712812203.642981615 3590 1712812200.052981615 1 20
1712812203.692949000 1712812203.667981615 3615 1712812200.052981615 1 20
1712812203.717954000 1712812203.692981615 3640 1712812200.052981615 1 20
1712812203.742959000 1712812203.717981615 3665 1712812200.052981615 1 20
1712812203.771428000 1712812203.742981615 3690 1712812200.052981615 1 20
1712812203.792957000 1712812203.767981615 3715 1712812200.052981615 1 20
1712812203.817951000 1712812203.792981615 3740 1712812200.052981615 1 20
1712812203.842964000 1712812203.817981615 3765 1712812200.052981615 1 20
1712812203.867970000 1712812203.842981615 3790 1712812200.052981615 1 20
1712812203.892932000 1712812203.867981615 3815 1712812200.052981615 1 20
1712812203.917923000 1712812203.892981615 3840 1712812200.052981615 1 20
1712812203.942935000 1712812203.917981615 3865 1712812200.052981615 1 20
1712812203.967957000 1712812203.942981615 3890 1712812200.052981615 1 20
1712812203.992941000 1712812203.967981615 3915 1712812200.052981615 1 20
1712812204.017980000 1712812203.992981615 3940 1712812200.052981615 1 20
1712812204.042965000 1712812204.017981615 3965 1712812200.052981615 1 20
1712812204.067965000 1712812204.042981615 3990 1712812200.052981615 1 20
1712812204.092981000 1712812204.067981615 4015 1712812200.052981615 1 20
1712812204.117973000 1712812204.092981615 4040 1712812200.052981615 1 20
1712812204.142930000 1712812204.117981615 4065 1712812200.052981615 1 20
1712812204.167942000 1712812204.142981615 4090 1712812200.052981615 1 20
1712812204.192963000 1712812204.167981615 4115 1712812200.052981615 1 20
1712812204.218021000 1712812204.192981615 4140 1712812200.052981615 1 20
1712812204.243166000 1712812204.217981615 4165 1712812200.052981615 1 20
1712812204.268031000 1712812204.242981615 4190 1712812200.052981615 1 20
1712812204.293040000 1712812204.267981615 4215 1712812200.052981615 1 20
1712812204.318072000 1712812204.292981615 4240 1712812200.052981615 1 20
1712812204.343047000 1712812204.317981615 4265 1712812200.052981615 1 20
1712812204.368098000 1712812204.342981615 4290 1712812200.052981615 1 20
1712812204.393063000 1712812204.367981615 4315 1712812200.052981615 1 20
1712812204.418067000 1712812204.392981615 4340 1712812200.052981615 1 20
1712812204.443033000 1712812204.417981615 4365 1712812200.052981615 1 20
1712812204.468013000 1712812204.442981615 4390 1712812200.052981615 1 20
1712812204.493080000 1712812204.467981615 4415 1712812200.052981615 1 20
1712812204.518020000 1712812204.492981615 4440 1712812200.052981615 1 20
1712812204.543022000 1712812204.517981615 4465 1712812200.052981615 1 20
1712812204.568014000 1712812204.542981615 4490 1712812200.052981615 1 20
1712812204.593014000 1712812204.567981615 4515 1712812200.052981615 1 20
1712812204.617989000 1712812204.592981615 4540 1712812200.052981615 1 20
1712812204.643002000 1712812204.617981615 4565 1712812200.052981615 1 20
1712812204.668015000 1712812204.642981615 4590 1712812200.052981615 1 20
1712812204.693031000 1712812204.667981615 4615 1712812200.052981615 1 20
1712812204.718063000 1712812204.692981615 4640 1712812200.052981615 1 20
1712812204.743032000 1712812204.717981615 4665 1712812200.052981615 1 20
1712812204.768016000 1712812204.742981615 4690 1712812200.052981615 1 20
1712812204.793020000 1712812204.767981615 4715 1712812200.052981615 1 20
1712812204.818036000 1712812204.792981615 4740 1712812200.052981615 1 20
1712812204.843002000 1712812204.817981615 4765 1712812200.052981615 1 20
1712812204.868006000 1712812204.842981615 4790 1712812200.052981615 1 20
1712812204.893000000 1712812204.867981615 4815 1712812200.052981615 1 20
1712812204.918016000 1712812204.892981615 4840 1712812200.052981615 1 20
1712812204.943016000 1712812204.917981615 4865 1712812200.052981615 1 20
1712812204.967994000 1712812204.942981615 4890 1712812200.052981615 1 20
1712812204.992991000 1712812204.967981615 4915 1712812200.052981615 1 20
1712812205.018018000 1712812204.992981615 4940 1712812200.052981615 1 20
1712812205.043027000 1712812205.017981615 4965 1712812200.052981615 1 20
1712812205.068012000 1712812205.042981615 4990 1712812200.052981615 1 20
1712812205.093014000 1712812205.067981615 5015 1712812200.052981615 1 20
1712812205.118005000 1712812205.092981615 5040 1712812200.052981615 1 20
1712812205.142978000 1712812205.117981615 5065 1712812200.052981615 1 20
1712812205.168043000 1712812205.142981615 5090 1712812200.052981615 1 20
1712812205.193008000 1712812205.167981615 5115 1712812200.052981615 1 20
1712812205.217952000 1712812205.192981615 5140 1712812200.052981615 1 20
1712812205.243033000 1712812205.217981615 5165 1712812200.052981615 1 20
1712812205.267975000 1712812205.242981615 5190 1712812200.052981615 1 20
1712812205.292987000 1712812205.267981615 5215 1712812200.052981615 1 20
1712812205.317970000 1712812205.292981615 5240 1712812200.052981615 1 20
1712812205.342970000 1712812205.317981615 5265 1712812200.052981615 1 20
1712812205.367969000 1712812205.342981615 5290 1712812200.052981615 1 20
1712812205.393053000 1712812205.367981615 5315 1712812200.052981615 1 20
1712812205.417931000 1712812205.392981615 5340 1712812200.052981615 1 20
1712812205.442943000 1712812205.417981615 5365 1712812200.052981615 1 20
1712812205.467949000 1712812205.442981615 5390 1712812200.052981615 1 20
1712812205.492982000 1712812205.467981615 5415 1712812200.052981615 1 20
1712812205.517981000 1712812205.492981615 5440 1712812200.052981615 1 20
1712812205.542994000 1712812205.517981615 5465 1712812200.052981615 1 20
1712812205.568011000 1712812205.542981615 5490 1712812200.052981615 1 20
1712812205.593018000 1712812205.567981615 5515 1712812200.052981615 1 20
1712812205.618025000 1712812205.592981615 5540 1712812200.052981615 1 20
1712812205.643074000 1712812205.617981615 5565 1712812200.052981615 1 20
1712812205.668073000 1712812205.642981615 5590 1712812200.052981615 1 20
1712812205.693063000 1712812205.667981615 5615 1712812200.052981615 1 20
1712812205.718034000 1712812205.692981615 5640 1712812200.052981615 1 20
1712812205.743045000 1712812205.717981615 5665 1712812200.052981615 1 20
1712812205.768089000 1712812205.742981615 5690 1712812200.052981615 1 20
1712812205.793059000 1712812205.767981615 5715 1712812200.052981615 1 20
1712812205.818040000 1712812205.792981615 5740 1712812200.052981615 1 20
1712812205.843052000 1712812205.817981615 5765 1712812200.052981615 1 20
1712812205.868044000 1712812205.842981615 5790 1712812200.052981615 1 20
1712812205.893110000 1712812205.867981615 5815 1712812200.052981615 1 20
1712812205.918052000 1712812205.892981615 5840 1712812200.052981615 1 20
1712812205.943073000 1712812205.917981615 5865 1712812200.052981615 1 20
1712812205.968031000 1712812205.942981615 5890 1712812200.052981615 1 20
1712812205.993015000 1712812205.967981615 5915 1712812200.052981615 1 20
1712812206.018033000 1712812205.992981615 5940 1712812200.052981615 1 20
1712812206.043027000 1712812206.017981615 5965 1712812200.052981615 1 20
1712812206.068037000 1712812206.042981615 5990 1712812200.052981615 1 20
1712812206.093036000 1712812206.067981615 6015 1712812200.052981615 1 20
1712812206.118073000 1712812206.092981615 6040 1712812200.052981615 1 20
1712812206.143037000 1712812206.117981615 6065 1712812200.052981615 1 20
1712812206.167991000 1712812206.142981615 6090 1712812200.052981615 1 20
1712812206.192983000 1712812206.167981615 6115 1712812200.052981615 1 20
1712812206.218010000 1712812206.192981615 6140 1712812200.052981615 1 20
1712812206.243040000 1712812206.217981615 6165 1712812200.052981615 1 20
1712812206.268057000 1712812206.242981615 6190 1712812200.052981615 1 20
1712812206.293006000 1712812206.267981615 6215 1712812200.052981615 1 20
1712812206.317995000 1712812206.292981615 6240 1712812200.052981615 1 20
1712812206.343005000 1712812206.317981615 6265 1712812200.052981615 1 20
1712812206.368060000 1712812206.342981615 6290 1712812200.052981615 1 20
1712812206.393107000 1712812206.367981615 6315 1712812200.052981615 1 20
1712812206.418077000 1712812206.392981615 6340 1712812200.052981615 1 20
1712812206.443059000 1712812206.417981615 6365 1712812200.052981615 1 20
1712812206.468083000 1712812206.442981615 6390 1712812200.052981615 1 20
1712812206.493061000 1712812206.467981615 6415 1712812200.052981615 1 20
1712812206.518149000 1712812206.492981615 6440 1712812200.052981615 1 20
1712812206.543137000 1712812206.517981615 6465 1712812200.052981615 1 20
1712812206.568088000 1712812206.542981615 6490 1712812200.052981615 1 20
1712812206.593124000 1712812206.567981615 6515 1712812200.052981615 1 20
1712812206.618060000 1712812206.592981615 6540 1712812200.052981615 1 20
1712812206.643106000 1712812206.617981615 6565 1712812200.052981615 1 20
1712812206.668046000 1712812206.642981615 6590 1712812200.052981615 1 20
1712812206.693025000 1712812206.667981615 6615 1712812200.052981615 1 20
1712812206.718071000 1712812206.692981615 6640 1712812200.052981615 1 20
1712812206.743028000 1712812206.717981615 6665 1712812200.052981615 1 20
1712812206.768015000 1712812206.742981615 6690 1712812200.052981615 1 20
1712812206.793009000 1712812206.767981615 6715 1712812200.052981615 1 20
1712812206.818042000 1712812206.792981615 6740 1712812200.052981615 1 20
1712812206.843035000 1712812206.817981615 6765 1712812200.052981615 1 20
1712812206.868034000 1712812206.842981615 6790 1712812200.052981615 1 20
1712812206.893056000 1712812206.867981615 6815 1712812200.052981615 1 20
1712812206.918006000 1712812206.892981615 6840 1712812200.052981615 1 20
1712812206.943013000 1712812206.917981615 6865 1712812200.052981615 1 20
1712812206.968036000 1712812206.942981615 6890 1712812200.052981615 1 20
1712812206.992984000 1712812206.967981615 6915 1712812200.052981615 1 20
1712812207.018019000 1712812206.992981615 6940 1712812200.052981615 1 20
1712812207.043016000 1712812207.017981615 6965 1712812200.052981615 1 20
1712812207.068010000 1712812207.042981615 6990 1712812200.052981615 1 20
1712812207.093012000 1712812207.067981615 7015 1712812200.052981615 1 20
1712812207.118056000 1712812207.092981615 7040 1712812200.052981615 1 20
1712812207.143018000 1712812207.117981615 7065 1712812200.052981615 1 20
1712812207.168086000 1712812207.142981615 7090 1712812200.052981615 1 20
1712812207.193052000 1712812207.167981615 7115 1712812200.052981615 1 20
1712812207.218070000 1712812207.192981615 7140 1712812200.052981615 1 20
1712812207.243137000 1712812207.217981615 7165 1712812200.052981615 1 20
1712812207.268108000 1712812207.242981615 7190 1712812200.052981615 1 20
1712812207.293159000 1712812207.267981615 7215 1712812200.052981615 1 20
1712812207.318107000 1712812207.292981615 7240 1712812200.052981615 1 20
1712812207.343093000 1712812207.317981615 7265 1712812200.052981615 1 20
1712812207.368106000 1712812207.342981615 7290 1712812200.052981615 1 20
1712812207.393107000 1712812207.367981615 7315 1712812200.052981615 1 20
1712812207.418082000 1712812207.392981615 7340 1712812200.052981615 1 20
1712812207.443226000 1712812207.417981615 7365 1712812200.052981615 1 20
1712812207.468109000 1712812207.442981615 7390 1712812200.052981615 1 20
1712812207.493111000 1712812207.467981615 7415 1712812200.052981615 1 20
1712812207.518127000 1712812207.492981615 7440 1712812200.052981615 1 20
1712812207.543200000 1712812207.517981615 7465 1712812200.052981615 1 20
1712812207.568088000 1712812207.542981615 7490 1712812200.052981615 1 20
1712812207.593099000 1712812207.567981615 7515 1712812200.052981615 1 20
1712812207.618109000 1712812207.592981615 7540 1712812200.052981615 1 20
1712812207.643130000 1712812207.617981615 7565 1712812200.052981615 1 20
1712812207.668100000 1712812207.642981615 7590 1712812200.052981615 1 20
1712812207.693106000 1712812207.667981615 7615 1712812200.052981615 1 20
1712812207.718116000 1712812207.692981615 7640 1712812200.052981615 1 20
1712812207.743124000 1712812207.717981615 7665 1712812200.052981615 1 20
1712812207.768109000 1712812207.742981615 7690 1712812200.052981615 1 20
1712812207.793094000 1712812207.767981615 7715 1712812200.052981615 1 20
1712812207.818118000 1712812207.792981615 7740 1712812200.052981615 1 20
1712812207.843157000 1712812207.817981615 7765 1712812200.052981615 1 20
1712812207.868129000 1712812207.842981615 7790 1712812200.052981615 1 20
1712812207.893169000 1712812207.867981615 7815 1712812200.052981615 1 20
1712812207.918101000 1712812207.892981615 7840 1712812200.052981615 1 20
1712812207.943122000 1712812207.917981615 7865 1712812200.052981615 1 20
1712812207.968103000 1712812207.942981615 7890 1712812200.052981615 1 20
1712812207.993099000 1712812207.967981615 7915 1712812200.052981615 1 20
1712812208.018111000 1712812207.992981615 7940 1712812200.052981615 1 20
1712812208.043093000 1712812208.017981615 7965 1712812200.052981615 1 20
1712812208.068097000 1712812208.042981615 7990 1712812200.052981615 1 20
1712812208.093115000 1712812208.067981615 8015 1712812200.052981615 1 20
1712812208.118131000 1712812208.092981615 8040 1712812200.052981615 1 20
1712812208.143153000 1712812208.117981615 8065 1712812200.052981615 1 20
1712812208.168118000 1712812208.142981615 8090 1712812200.052981615 1 20
1712812208.193159000 1712812208.167981615 8115 1712812200.052981615 1 20
1712812208.218299000 1712812208.192981615 8140 1712812200.052981615 1 20
1712812208.243091000 1712812208.217981615 8165 1712812200.052981615 1 20
1712812208.268141000 1712812208.242981615 8190 1712812200.052981615 1 20
1712812208.293143000 1712812208.267981615 8215 1712812200.052981615 1 20
1712812208.318212000 1712812208.292981615 8240 1712812200.052981615 1 20
1712812208.343162000 1712812208.317981615 8265 1712812200.052981615 1 20
1712812208.368149000 1712812208.342981615 8290 1712812200.052981615 1 20
1712812208.393168000 1712812208.367981615 8315 1712812200.052981615 1 20
1712812208.418154000 1712812208.392981615 8340 1712812200.052981615 1 20
1712812208.443157000 1712812208.417981615 8365 1712812200.052981615 1 20
1712812208.468112000 1712812208.442981615 8390 1712812200.052981615 1 20
1712812208.493119000 1712812208.467981615 8415 1712812200.052981615 1 20
1712812208.518114000 1712812208.492981615 8440 1712812200.052981615 1 20
1712812208.543122000 1712812208.517981615 8465 1712812200.052981615 1 20
1712812208.568123000 1712812208.542981615 8490 1712812200.052981615 1 20
1712812208.593151000 1712812208.567981615 8515 1712812200.052981615 1 20
1712812208.618167000 1712812208.592981615 8540 1712812200.052981615 1 20
1712812208.643133000 1712812208.617981615 8565 1712812200.052981615 1 20
1712812208.668144000 1712812208.642981615 8590 1712812200.052981615 1 20
1712812208.693148000 1712812208.667981615 8615 1712812200.052981615 1 20
1712812208.718154000 1712812208.692981615 8640 1712812200.052981615 1 20
1712812208.743111000 1712812208.717981615 8665 1712812200.052981615 1 20
1712812208.768099000 1712812208.742981615 8690 1712812200.052981615 1 20
1712812208.793117000 1712812208.767981615 8715 1712812200.052981615 1 20
1712812208.818124000 1712812208.792981615 8740 1712812200.052981615 1 20
1712812208.843111000 1712812208.817981615 8765 1712812200.052981615 1 20
1712812208.868115000 1712812208.842981615 8790 1712812200.052981615 1 20
1712812208.893129000 1712812208.867981615 8815 1712812200.052981615 1 20
1712812208.918144000 1712812208.892981615 8840 1712812200.052981615 1 20
1712812208.943107000 1712812208.917981615 8865 1712812200.052981615 1 20
1712812208.968140000 1712812208.942981615 8890 1712812200.052981615 1 20
1712812208.993122000 1712812208.967981615 8915 1712812200.052981615 1 20
1712812209.018147000 1712812208.992981615 8940 1712812200.052981615 1 20
1712812209.043137000 1712812209.017981615 8965 1712812200.052981615 1 20
1712812209.068112000 1712812209.042981615 8990 1712812200.052981615 1 20
1712812209.093156000 1712812209.067981615 9015 1712812200.052981615 1 20
1712812209.118254000 1712812209.092981615 9040 1712812200.052981615 1 20
1712812209.143109000 1712812209.117981615 9065 1712812200.052981615 1 20
1712812209.168097000 1712812209.142981615 9090 1712812200.052981615 1 20
1712812209.193133000 1712812209.167981615 9115 1712812200.052981615 1 20
1712812209.218095000 1712812209.192981615 9140 1712812200.052981615 1 20
1712812209.243108000 1712812209.217981615 9165 1712812200.052981615 1 20
1712812209.268089000 1712812209.242981615 9190 1712812200.052981615 1 20
1712812209.293103000 1712812209.267981615 9215 1712812200.052981615 1 20
1712812209.318099000 1712812209.292981615 9240 1712812200.052981615 1 20
1712812209.343127000 1712812209.317981615 9265 1712812200.052981615 1 20
1712812209.368108000 1712812209.342981615 9290 1712812200.052981615 1 20
1712812209.393127000 1712812209.367981615 9315 1712812200.052981615 1 20
1712812209.418126000 1712812209.392981615 9340 1712812200.052981615 1 20
1712812209.443120000 1712812209.417981615 9365 1712812200.052981615 1 20
1712812209.468115000 1712812209.442981615 9390 1712812200.052981615 1 20
1712812209.493077000 1712812209.467981615 9415 1712812200.052981615 1 20
1712812209.518101000 1712812209.492981615 9440 1712812200.052981615 1 20
1712812209.543122000 1712812209.517981615 9465 1712812200.052981615 1 20
1712812209.568132000 1712812209.542981615 9490 1712812200.052981615 1 20
1712812209.593085000 1712812209.567981615 9515 1712812200.052981615 1 20
1712812209.618121000 1712812209.592981615 9540 1712812200.052981615 1 20
1712812209.643117000 1712812209.617981615 9565 1712812200.052981615 1 20
1712812209.668129000 1712812209.642981615 9590 1712812200.052981615 1 20
1712812209.693127000 1712812209.667981615 9615 1712812200.052981615 1 20
1712812209.718176000 1712812209.692981615 9640 1712812200.052981615 1 20
1712812209.743195000 1712812209.717981615 9665 1712812200.052981615 1 20
1712812209.768165000 1712812209.742981615 9690 1712812200.052981615 1 20
1712812209.793160000 1712812209.767981615 9715 1712812200.052981615 1 20
1712812209.818166000 1712812209.792981615 9740 1712812200.052981615 1 20
1712812209.843237000 1712812209.817981615 9765 1712812200.052981615 1 20
1712812209.868167000 1712812209.842981615 9790 1712812200.052981615 1 20
1712812209.893370000 1712812209.867981615 9815 1712812200.052981615 1 20
1712812209.918126000 1712812209.892981615 9840 1712812200.052981615 1 20
1712812209.943141000 1712812209.917981615 9865 1712812200.052981615 1 20
1712812209.968139000 1712812209.942981615 9890 1712812200.052981615 1 20
1712812209.993191000 1712812209.967981615 9915 1712812200.052981615 1 20
1712812210.018144000 1712812209.992981615 9940 1712812200.052981615 1 20
1712812210.043129000 1712812210.017981615 9965 1712812200.052981615 1 20
1712812210.068161000 1712812210.042981615 9990 1712812200.052981615 1 20
1712812210.193031000 1712812210.167717064 10115 1712812200.052718401 1.00003 10064
1712812210.218011000 1712812210.192716409 10140 1712812200.052718401 1.00003 10064
1712812210.242968000 1712812210.217715754 10165 1712812200.052718401 1.00003 10064
1712812210.267926000 1712812210.242715099 10190 1712812200.052718401 1.00003 10064
1712812210.292950000 1712812210.267714444 10215 1712812200.052718401 1.00003 10064
1712812210.317903000 1712812210.292713789 10240 1712812200.052718401 1.00003 10064
1712812210.342937000 1712812210.317713134 10265 1712812200.052718401 1.00003 10064
1712812210.367951000 1712812210.342712478 10290 1712812200.052718401 1.00003 10064
1712812210.392962000 1712812210.367711823 10315 1712812200.052718401 1.00003 10064
1712812210.417982000 1712812210.392711168 10340 1712812200.052718401 1.00003 10064
1712812210.443066000 1712812210.417710513 10365 1712812200.052718401 1.00003 10064
1712812210.468030000 1712812210.442709858 10390 1712812200.052718401 1.00003 10064
1712812210.492992000 1712812210.467709203 10415 1712812200.052718401 1.00003 10064
1712812210.518005000 1712812210.492708547 10440 1712812200.052718401 1.00003 10064
1712812210.543020000 1712812210.517707892 10465 1712812200.052718401 1.00003 10064
1712812210.568054000 1712812210.542707237 10490 1712812200.052718401 1.00003 10064
1712812210.593035000 1712812210.567706582 10515 1712812200.052718401 1.00003 10064
1712812210.618040000 1712812210.592705927 10540 1712812200.052718401 1.00003 10064
1712812210.643026000 1712812210.617705272 10565 1712812200.052718401 1.00003 10064
1712812210.668042000 1712812210.642704616 10590 1712812200.052718401 1.00003 10064
1712812210.693061000 1712812210.667703961 10615 1712812200.052718401 1.00003 10064
1712812210.718031000 1712812210.692703306 10640 1712812200.052718401 1.00003 10064
1712812210.743002000 1712812210.717702651 10665 1712812200.052718401 1.00003 10064
1712812210.768005000 1712812210.742701996 10690 1712812200.052718401 1.00003 10064
1712812210.792985000 1712812210.767701341 10715 1712812200.052718401 1.00003 10064
1712812210.818036000 1712812210.792700686 10740 1712812200.052718401 1.00003 10064
1712812210.843239000 1712812210.817700030 10765 1712812200.052718401 1.00003 10064
1712812210.868009000 1712812210.842699375 10790 1712812200.052718401 1.00003 10064
1712812210.893019000 1712812210.867698720 10815 1712812200.052718401 1.00003 10064
1712812210.918034000 1712812210.892698065 10840 1712812200.052718401 1.00003 10064
1712812210.943073000 1712812210.917697410 10865 1712812200.052718401 1.00003 10064
1712812210.968025000 1712812210.942696755 10890 1712812200.052718401 1.00003 10064
1712812210.993010000 1712812210.967696099 10915 1712812200.052718401 1.00003 10064
1712812211.018040000 1712812210.992695444 10940 1712812200.052718401 1.00003 10064
1712812211.043026000 1712812211.017694789 10965 1712812200.052718401 1.00003 10064
1712812211.067987000 1712812211.042694134 10990 1712812200.052718401 1.00003 10064
1712812211.093026000 1712812211.067693479 11015 1712812200.052718401 1.00003 10064
1712812211.117991000 1712812211.092692824 11040 1712812200.052718401 1.00003 10064
1712812211.142982000 1712812211.117692168 11065 1712812200.052718401 1.00003 10064
1712812211.167997000 1712812211.142691513 11090 1712812200.052718401 1.00003 10064
1712812211.192999000 1712812211.167690858 11115 1712812200.052718401 1.00003 10064
1712812211.218089000 1712812211.192690203 11140 1712812200.052718401 1.00003 10064
1712812211.243026000 1712812211.217689548 11165 1712812200.052718401 1.00003 10064
1712812211.268060000 1712812211.242688893 11190 1712812200.052718401 1.00003 10064
1712812211.293052000 1712812211.267688238 11215 1712812200.052718401 1.00003 10064
1712812211.318098000 1712812211.292687582 11240 1712812200.052718401 1.00003 10064
1712812211.343064000 1712812211.317686927 11265 1712812200.052718401 1.00003 10064
1712812211.368074000 1712812211.342686272 11290 1712812200.052718401 1.00003 10064
1712812211.393108000 1712812211.367685617 11315 1712812200.052718401 1.00003 10064
1712812211.418083000 1712812211.392684962 11340 1712812200.052718401 1.00003 10064
1712812211.443076000 1712812211.417684307 11365 1712812200.052718401 1.00003 10064
1712812211.468095000 1712812211.442683651 11390 1712812200.052718401 1.00003 10064
1712812211.493121000 1712812211.467682996 11415 1712812200.052718401 1.00003 10064
1712812211.518114000 1712812211.492682341 11440 1712812200.052718401 1.00003 10064
1712812211.543115000 1712812211.517681686 11465 1712812200.052718401 1.00003 10064
1712812211.568086000 1712812211.542681031 11490 1712812200.052718401 1.00003 10064
1712812211.593101000 1712812211.567680376 11515 1712812200.052718401 1.00003 10064
1712812211.618140000 1712812211.592679720 11540 1712812200.052718401 1.00003 10064
1712812211.643089000 1712812211.617679065 11565 1712812200.052718401 1.00003 10064
1712812211.668138000 1712812211.642678410 11590 1712812200.052718401 1.00003 10064
1712812211.693123000 1712812211.667677755 11615 1712812200.052718401 1.00003 10064
1712812211.718144000 1712812211.692677100 11640 1712812200.052718401 1.00003 10064
1712812211.743087000 1712812211.717676445 11665 1712812200.052718401 1.00003 10064
1712812211.768104000 1712812211.742675790 11690 1712812200.052718401 1.00003 10064
1712812211.793112000 1712812211.767675134 11715 1712812200.052718401 1.00003 10064
1712812211.818104000 1712812211.792674479 11740 1712812200.052718401 1.00003 10064
1712812211.843124000 1712812211.817673824 11765 1712812200.052718401 1.00003 10064
1712812211.868122000 1712812211.842673169 11790 1712812200.052718401 1.00003 10064
1712812211.893114000 1712812211.867672514 11815 1712812200.052718401 1.00003 10064
1712812211.918106000 1712812211.892671859 11840 1712812200.052718401 1.00003 10064
1712812211.943063000 1712812211.917671203 11865 1712812200.052718401 1.00003 10064
1712812211.968073000 1712812211.942670548 11890 1712812200.052718401 1.00003 10064
1712812211.993083000 1712812211.967669893 11915 1712812200.052718401 1.00003 10064
1712812212.018063000 1712812211.992669238 11940 1712812200.052718401 1.00003 10064
1712812212.043086000 1712812212.017668583 11965 1712812200.052718401 1.00003 10064
1712812212.068094000 1712812212.042667928 11990 1712812200.052718401 1.00003 10064
1712812212.093099000 1712812212.067667272 12015 1712812200.052718401 1.00003 10064
1712812212.118092000 1712812212.092666617 12040 1712812200.052718401 1.00003 10064
1712812212.143083000 1712812212.117665962 12065 1712812200.052718401 1.00003 10064
1712812212.168073000 1712812212.142665307 12090 1712812200.052718401 1.00003 10064
1712812212.193118000 1712812212.167664652 12115 1712812200.052718401 1.00003 10064
1712812212.218138000 1712812212.192663997 12140 1712812200.052718401 1.00003 10064
1712812212.243153000 1712812212.217663342 12165 1712812200.052718401 1.00003 10064
1712812212.268093000 1712812212.242662686 12190 1712812200.052718401 1.00003 10064
1712812212.293134000 1712812212.267662031 12215 1712812200.052718401 1.00003 10064
1712812212.318063000 1712812212.292661376 12240 1712812200.052718401 1.00003 10064
1712812212.343066000 1712812212.317660721 12265 1712812200.052718401 1.00003 10064
1712812212.368101000 1712812212.342660066 12290 1712812200.052718401 1.00003 10064
1712812212.393097000 1712812212.367659411 12315 1712812200.052718401 1.00003 10064
1712812212.418029000 1712812212.392658755 12340 1712812200.052718401 1.00003 10064
1712812212.443044000 1712812212.417658100 12365 1712812200.052718401 1.00003 10064
1712812212.468065000 1712812212.442657445 12390 1712812200.052718401 1.00003 10064
1712812212.493045000 1712812212.467656790 12415 1712812200.052718401 1.00003 10064
1712812212.518044000 1712812212.492656135 12440 1712812200.052718401 1.00003 10064
1712812212.543029000 1712812212.517655480 12465 1712812200.052718401 1.00003 10064
1712812212.568030000 1712812212.542654824 12490 1712812200.052718401 1.00003 10064
1712812212.592992000 1712812212.567654169 12515 1712812200.052718401 1.00003 10064
1712812212.617994000 1712812212.592653514 12540 1712812200.052718401 1.00003 10064
1712812212.642993000 1712812212.617652859 12565 1712812200.052718401 1.00003 10064
1712812212.667998000 1712812212.642652204 12590 1712812200.052718401 1.00003 10064
1712812212.693001000 1712812212.667651549 12615 1712812200.052718401 1.00003 10064
1712812212.717979000 1712812212.692650894 12640 1712812200.052718401 1.00003 10064
1712812212.742999000 1712812212.717650238 12665 1712812200.052718401 1.00003 10064
1712812212.767989000 1712812212.742649583 12690 1712812200.052718401 1.00003 10064
1712812212.793015000 1712812212.767648928 12715 1712812200.052718401 1.00003 10064
1712812212.817981000 1712812212.792648273 12740 1712812200.052718401 1.00003 10064
1712812212.842991000 1712812212.817647618 12765 1712812200.052718401 1.00003 10064
1712812212.867997000 1712812212.842646963 12790 1712812200.052718401 1.00003 10064
1712812212.892951000 1712812212.867646307 12815 1712812200.052718401 1.00003 10064
1712812212.917950000 1712812212.892645652 12840 1712812200.052718401 1.00003 10064
1712812212.942962000 1712812212.917644997 12865 1712812200.052718401 1.00003 10064
1712812212.968017000 1712812212.942644342 12890 1712812200.052718401 1.00003 10064
1712812212.993084000 1712812212.967643687 12915 1712812200.052718401 1.00003 10064
1712812213.018018000 1712812212.992643032 12940 1712812200.052718401 1.00003 10064
1712812213.043005000 1712812213.017642376 12965 1712812200.052718401 1.00003 10064
1712812213.067976000 1712812213.042641721 12990 1712812200.052718401 1.00003 10064
1712812213.092973000 1712812213.067641066 13015 1712812200.052718401 1.00003 10064
1712812213.118008000 1712812213.092640411 13040 1712812200.052718401 1.00003 10064
1712812213.143215000 1712812213.117639756 13065 1712812200.052718401 1.00003 10064
1712812213.168000000 1712812213.142639101 13090 1712812200.052718401 1.00003 10064
1712812213.192943000 1712812213.167638446 13115 1712812200.052718401 1.00003 10064
1712812213.217943000 1712812213.192637790 13140 1712812200.052718401 1.00003 10064
1712812213.242967000 1712812213.217637135 13165 1712812200.052718401 1.00003 10064
1712812213.268008000 1712812213.242636480 13190 1712812200.052718401 1.00003 10064
1712812213.292959000 1712812213.267635825 13215 1712812200.052718401 1.00003 10064
1712812213.317971000 1712812213.292635170 13240 1712812200.052718401 1.00003 10064
1712812213.342949000 1712812213.317634515 13265 1712812200.052718401 1.00003 10064
1712812213.367981000 1712812213.342633859 13290 1712812200.052718401 1.00003 10064
1712812213.392913000 1712812213.367633204 13315 1712812200.052718401 1.00003 10064
1712812213.417904000 1712812213.392632549 13340 1712812200.052718401 1.00003 10064
1712812213.442902000 1712812213.417631894 13365 1712812200.052718401 1.00003 10064
1712812213.467896000 1712812213.442631239 13390 1712812200.052718401 1.00003 10064
1712812213.492928000 1712812213.467630584 13415 1712812200.052718401 1.00003 10064
1712812213.517953000 1712812213.492629928 13440 1712812200.052718401 1.00003 10064
1712812213.542917000 1712812213.517629273 13465 1712812200.052718401 1.00003 10064
1712812213.567915000 1712812213.542628618 13490 1712812200.052718401 1.00003 10064
1712812213.592923000 1712812213.567627963 13515 1712812200.052718401 1.00003 10064
1712812213.617920000 1712812213.592627308 13540 1712812200.052718401 1.00003 10064
1712812213.642933000 1712812213.617626653 13565 1712812200.052718401 1.00003 10064
1712812213.667944000 1712812213.642625998 13590 1712812200.052718401 1.00003 10064
1712812213.692898000 1712812213.667625342 13615 1712812200.052718401 1.00003 10064
1712812213.717919000 1712812213.692624687 13640 1712812200.052718401 1.00003 10064
1712812213.742898000 1712812213.717624032 13665 1712812200.052718401 1.00003 10064
1712812213.767900000 1712812213.742623377 13690 1712812200.052718401 1.00003 10064
1712812213.792897000 1712812213.767622722 13715 1712812200.052718401 1.00003 10064
1712812213.817900000 1712812213.792622067 13740 1712812200.052718401 1.00003 10064
1712812213.842911000 1712812213.817621411 13765 1712812200.052718401 1.00003 10064
1712812213.867960000 1712812213.842620756 13790 1712812200.052718401 1.00003 10064
1712812213.892879000 1712812213.867620101 13815 1712812200.052718401 1.00003 10064
1712812213.917857000 1712812213.892619446 13840 1712812200.052718401 1.00003 10064
1712812213.942868000 1712812213.917618791 13865 1712812200.052718401 1.00003 10064
1712812213.967866000 1712812213.942618136 13890 1712812200.052718401 1.00003 10064
1712812213.992877000 1712812213.967617480 13915 1712812200.052718401 1.00003 10064
1712812214.017951000 1712812213.992616825 13940 1712812200.052718401 1.00003 10064
1712812214.042898000 1712812214.017616170 13965 1712812200.052718401 1.00003 10064
1712812214.067915000 1712812214.042615515 13990 1712812200.052718401 1.00003 10064
1712812214.092917000 1712812214.067614860 14015 1712812200.052718401 1.00003 10064
1712812214.117930000 1712812214.092614205 14040 1712812200.052718401 1.00003 10064
1712812214.142961000 1712812214.117613550 14065 1712812200.052718401 1.00003 10064
1712812214.167894000 1712812214.142612894 14090 1712812200.052718401 1.00003 10064
1712812214.192878000 1712812214.167612239 14115 1712812200.052718401 1.00003 10064
1712812214.217904000 1712812214.192611584 14140 1712812200.052718401 1.00003 10064
1712812214.242929000 1712812214.217610929 14165 1712812200.052718401 1.00003 10064
1712812214.267924000 1712812214.242610274 14190 1712812200.052718401 1.00003 10064
1712812214.292881000 1712812214.267609619 14215 1712812200.052718401 1.00003 10064
1712812214.317906000 1712812214.292608963 14240 1712812200.052718401 1.00003 10064
1712812214.342929000 1712812214.317608308 14265 1712812200.052718401 1.00003 10064
1712812214.367963000 1712812214.342607653 14290 1712812200.052718401 1.00003 10064
1712812214.392931000 1712812214.367606998 14315 1712812200.052718401 1.00003 10064
1712812214.417936000 1712812214.392606343 14340 1712812200.052718401 1.00003 10064
1712812214.442905000 1712812214.417605688 14365 1712812200.052718401 1.00003 10064
1712812214.467937000 1712812214.442605032 14390 1712812200.052718401 1.00003 10064
1712812214.492912000 1712812214.467604377 14415 1712812200.052718401 1.00003 10064
1712812214.517936000 1712812214.492603722 14440 1712812200.052718401 1.00003 10064
1712812214.543009000 1712812214.517603067 14465 1712812200.052718401 1.00003 10064
1712812214.567954000 1712812214.542602412 14490 1712812200.052718401 1.00003 10064
1712812214.592934000 1712812214.567601757 14515 1712812200.052718401 1.00003 10064
1712812214.617925000 1712812214.592601102 14540 1712812200.052718401 1.00003 10064
1712812214.642930000 1712812214.617600446 14565 1712812200.052718401 1.00003 10064
1712812214.667954000 1712812214.642599791 14590 1712812200.052718401 1.00003 10064
1712812214.693216000 1712812214.667599136 14615 1712812200.052718401 1.00003 10064
1712812214.717956000 1712812214.692598481 14640 1712812200.052718401 1.00003 10064
1712812214.742962000 1712812214.717597826 14665 1712812200.052718401 1.00003 10064
1712812214.767924000 1712812214.742597171 14690 1712812200.052718401 1.00003 10064
1712812214.792936000 1712812214.767596515 14715 1712812200.052718401 1.00003 10064
1712812214.818076000 1712812214.792595860 14740 1712812200.052718401 1.00003 10064
1712812214.842923000 1712812214.817595205 14765 1712812200.052718401 1.00003 10064
1712812214.867905000 1712812214.842594550 14790 1712812200.052718401 1.00003 10064
1712812214.892894000 1712812214.867593895 14815 1712812200.052718401 1.00003 10064
1712812214.917905000 1712812214.892593240 14840 1712812200.052718401 1.00003 10064
1712812214.942868000 1712812214.917592584 14865 1712812200.052718401 1.00003 10064
1712812214.967872000 1712812214.942591929 14890 1712812200.052718401 1.00003 10064
1712812214.992855000 1712812214.967591274 14915 1712812200.052718401 1.00003 10064
1712812215.017892000 1712812214.992590619 14940 1712812200.052718401 1.00003 10064
1712812215.042876000 1712812215.017589964 14965 1712812200.052718401 1.00003 10064
1712812215.067904000 1712812215.042589309 14990 1712812200.052718401 1.00003 10064
1712812215.092878000 1712812215.067588653 15015 1712812200.052718401 1.00003 10064
1712812215.117873000 1712812215.092587998 15040 1712812200.052718401 1.00003 10064
1712812215.142892000 1712812215.117587343 15065 1712812200.052718401 1.00003 10064
1712812215.167930000 1712812215.142586688 15090 1712812200.052718401 1.00003 10064
1712812215.192949000 1712812215.167586033 15115 1712812200.052718401 1.00003 10064
1712812215.217995000 1712812215.192585378 15140 1712812200.052718401 1.00003 10064
1712812215.242999000 1712812215.217584723 15165 1712812200.052718401 1.00003 10064
1712812215.268094000 1712812215.242584067 15190 1712812200.052718401 1.00003 10064
1712812215.293056000 1712812215.267583412 15215 1712812200.052718401 1.00003 10064
1712812215.318103000 1712812215.292582757 15240 1712812200.052718401 1.00003 10064
1712812215.343114000 1712812215.317582102 15265 1712812200.052718401 1.00003 10064
1712812215.368127000 1712812215.342581447 15290 1712812200.052718401 1.00003 10064
1712812215.393131000 1712812215.367580792 15315 1712812200.052718401 1.00003 10064
1712812215.418151000 1712812215.392580136 15340 1712812200.052718401 1.00003 10064
1712812215.443245000 1712812215.417579481 15365 1712812200.052718401 1.00003 10064
1712812215.468477000 1712812215.442578826 15390 1712812200.052718401 1.00003 10064
1712812215.493175000 1712812215.467578171 15415 1712812200.052718401 1.00003 10064
1712812215.518185000 1712812215.492577516 15440 1712812200.052718401 1.00003 10064
1712812215.543197000 1712812215.517576861 15465 1712812200.052718401 1.00003 10064
1712812215.568223000 1712812215.543576179 15491 1712812200.052718401 1.00003 10064
1712812215.593217000 1712812215.568575524 15516 1712812200.052718401 1.00003 10064
1712812215.618216000 1712812215.593574869 15541 1712812200.052718401 1.00003 10064
1712812215.643234000 1712812215.618574214 15566 1712812200.052718401 1.00003 10064
1712812215.668239000 1712812215.643573559 15591 1712812200.052718401 1.00003 10064
1712812215.693490000 1712812215.668572903 15616 1712812200.052718401 1.00003 10064
1712812215.718212000 1712812215.693572248 15641 1712812200.052718401 1.00003 10064
1712812215.743222000 1712812215.718571593 15666 1712812200.052718401 1.00003 10064
1712812215.768226000 1712812215.743570938 15691 1712812200.052718401 1.00003 10064
1712812215.793217000 1712812215.768570283 15716 1712812200.052718401 1.00003 10064
1712812215.818239000 1712812215.793569628 15741 1712812200.052718401 1.00003 10064
1712812215.843240000 1712812215.818568973 15766 1712812200.052718401 1.00003 10064
1712812215.868181000 1712812215.843568317 15791 1712812200.052718401 1.00003 10064
1712812215.893216000 1712812215.868567662 15816 1712812200.052718401 1.00003 10064
1712812215.918224000 1712812215.893567007 15841 1712812200.052718401 1.00003 10064
1712812215.943234000 1712812215.918566352 15866 1712812200.052718401 1.00003 10064
1712812215.968243000 1712812215.943565697 15891 1712812200.052718401 1.00003 10064
1712812215.993215000 1712812215.968565042 15916 1712812200.052718401 1.00003 10064
1712812216.018223000 1712812215.993564386 15941 1712812200.052718401 1.00003 10064
1712812216.043233000 1712812216.018563731 15966 1712812200.052718401 1.00003 10064
1712812216.068191000 1712812216.043563076 15991 1712812200.052718401 1.00003 10064
1712812216.093206000 1712812216.068562421 16016 1712812200.052718401 1.00003 10064
1712812216.118215000 1712812216.093561766 16041 1712812200.052718401 1.00003 10064
1712812216.143242000 1712812216.118561111 16066 1712812200.052718401 1.00003 10064
1712812216.168217000 1712812216.143560455 16091 1712812200.052718401 1.00003 10064
1712812216.193269000 1712812216.168559800 16116 1712812200.052718401 1.00003 10064
1712812216.218286000 1712812216.193559145 16141 1712812200.052718401 1.00003 10064
1712812216.243246000 1712812216.218558490 16166 1712812200.052718401 1.00003 10064
1712812216.268287000 1712812216.243557835 16191 1712812200.052718401 1.00003 10064
1712812216.293291000 1712812216.268557180 16216 1712812200.052718401 1.00003 10064
1712812216.318236000 1712812216.293556525 16241 1712812200.052718401 1.00003 10064
1712812216.343356000 1712812216.318555869 16266 1712812200.052718401 1.00003 10064
1712812216.368269000 1712812216.343555214 16291 1712812200.052718401 1.00003 10064
1712812216.393309000 1712812216.368554559 16316 1712812200.052718401 1.00003 10064
1712812216.418327000 1712812216.393553904 16341 1712812200.052718401 1.00003 10064
1712812216.443309000 1712812216.418553249 16366 1712812200.052718401 1.00003 10064
1712812216.468349000 1712812216.443552594 16391 1712812200.052718401 1.00003 10064
1712812216.493316000 1712812216.468551938 16416 1712812200.052718401 1.00003 10064
1712812216.518271000 1712812216.493551283 16441 1712812200.052718401 1.00003 10064
1712812216.543250000 1712812216.518550628 16466 1712812200.052718401 1.00003 10064
1712812216.568263000 1712812216.543549973 16491 1712812200.052718401 1.00003 10064
1712812216.593277000 1712812216.568549318 16516 1712812200.052718401 1.00003 10064
1712812216.618303000 1712812216.593548663 16541 1712812200.052718401 1.00003 10064
1712812216.643268000 1712812216.618548007 16566 1712812200.052718401 1.00003 10064
1712812216.668282000 1712812216.643547352 16591 1712812200.052718401 1.00003 10064
1712812216.693260000 1712812216.668546697 16616 1712812200.052718401 1.00003 10064
1712812216.718263000 1712812216.693546042 16641 1712812200.052718401 1.00003 10064
1712812216.743309000 1712812216.718545387 16666 1712812200.052718401 1.00003 10064
1712812216.768356000 1712812216.743544732 16691 1712812200.052718401 1.00003 10064
1712812216.793310000 1712812216.768544077 16716 1712812200.052718401 1.00003 10064
1712812216.818300000 1712812216.793543421 16741 1712812200.052718401 1.00003 10064
1712812216.843346000 1712812216.818542766 16766 1712812200.052718401 1.00003 10064
1712812216.868322000 1712812216.843542111 16791 1712812200.052718401 1.00003 10064
1712812216.893319000 1712812216.868541456 16816 1712812200.052718401 1.00003 10064
1712812216.918279000 1712812216.893540801 16841 1712812200.052718401 1.00003 10064
1712812216.943303000 1712812216.918540146 16866 1712812200.052718401 1.00003 10064
1712812216.968284000 1712812216.943539490 16891 1712812200.052718401 1.00003 10064
1712812216.993322000 1712812216.968538835 16916 1712812200.052718401 1.00003 10064
1712812217.018382000 1712812216.993538180 16941 1712812200.052718401 1.00003 10064
1712812217.043303000 1712812217.018537525 16966 1712812200.052718401 1.00003 10064
1712812217.068310000 1712812217.043536870 16991 1712812200.052718401 1.00003 10064
1712812217.093269000 1712812217.068536215 17016 1712812200.052718401 1.00003 10064
1712812217.118330000 1712812217.093535559 17041 1712812200.052718401 1.00003 10064
1712812217.143263000 1712812217.118534904 17066 1712812200.052718401 1.00003 10064
1712812217.168300000 1712812217.143534249 17091 1712812200.052718401 1.00003 10064
1712812217.193299000 1712812217.168533594 17116 1712812200.052718401 1.00003 10064
1712812217.218292000 1712812217.193532939 17141 1712812200.052718401 1.00003 10064
1712812217.243444000 1712812217.218532284 17166 1712812200.052718401 1.00003 10064
1712812217.268401000 1712812217.243531629 17191 1712812200.052718401 1.00003 10064
1712812217.293377000 1712812217.268530973 17216 1712812200.052718401 1.00003 10064
1712812217.318444000 1712812217.293530318 17241 1712812200.052718401 1.00003 10064
1712812217.343478000 1712812217.318529663 17266 1712812200.052718401 1.00003 10064
1712812217.368483000 1712812217.343529008 17291 1712812200.052718401 1.00003 10064
1712812217.393501000 1712812217.368528353 17316 1712812200.052718401 1.00003 10064
1712812217.418474000 1712812217.393527698 17341 1712812200.052718401 1.00003 10064
1712812217.443486000 1712812217.418527042 17366 1712812200.052718401 1.00003 10064
1712812217.468441000 1712812217.443526387 17391 1712812200.052718401 1.00003 10064
1712812217.493462000 1712812217.468525732 17416 1712812200.052718401 1.00003 10064
1712812217.518438000 1712812217.493525077 17441 1712812200.052718401 1.00003 10064
1712812217.543468000 1712812217.518524422 17466 1712812200.052718401 1.00003 10064
1712812217.568485000 1712812217.543523767 17491 1712812200.052718401 1.00003 10064
1712812217.593488000 1712812217.568523111 17516 1712812200.052718401 1.00003 10064
1712812217.618511000 1712812217.593522456 17541 1712812200.052718401 1.00003 10064
1712812217.643631000 1712812217.618521801 17566 1712812200.052718401 1.00003 10064
1712812217.668523000 1712812217.643521146 17591 1712812200.052718401 1.00003 10064
1712812217.693517000 1712812217.668520491 17616 1712812200.052718401 1.00003 10064
1712812217.718523000 1712812217.693519836 17641 1712812200.052718401 1.00003 10064
1712812217.743564000 1712812217.718519181 17666 1712812200.052718401 1.00003 10064
1712812217.768616000 1712812217.743518525 17691 1712812200.052718401 1.00003 10064
1712812217.793595000 1712812217.768517870 17716 1712812200.052718401 1.00003 10064
1712812217.818619000 1712812217.793517215 17741 1712812200.052718401 1.00003 10064
1712812217.843681000 1712812217.818516560 17766 1712812200.052718401 1.00003 10064
1712812217.868707000 1712812217.843515905 17791 1712812200.052718401 1.00003 10064
1712812217.893736000 1712812217.868515250 17816 1712812200.052718401 1.00003 10064
1712812217.918729000 1712812217.893514594 17841 1712812200.052718401 1.00003 10064
1712812217.943734000 1712812217.918513939 17866 1712812200.052718401 1.00003 10064
1712812217.968790000 1712812217.943513284 17891 1712812200.052718401 1.00003 10064
1712812217.993817000 1712812217.968512629 17916 1712812200.052718401 1.00003 10064
1712812218.018856000 1712812217.993511974 17941 1712812200.052718401 1.00003 10064
1712812218.043874000 1712812218.018511319 17966 1712812200.052718401 1.00003 10064
1712812218.068875000 1712812218.043510663 17991 1712812200.052718401 1.00003 10064
1712812218.093938000 1712812218.068510008 18016 1712812200.052718401 1.00003 10064
1712812218.118966000 1712812218.093509353 18041 1712812200.052718401 1.00003 10064
1712812218.143990000 1712812218.118508698 18066 1712812200.052718401 1.00003 10064
1712812218.168963000 1712812218.143508043 18091 1712812200.052718401 1.00003 10064
1712812218.194015000 1712812218.168507388 18116 1712812200.052718401 1.00003 10064
1712812218.219039000 1712812218.193506733 18141 1712812200.052718401 1.00003 10064
1712812218.244036000 1712812218.218506077 18166 1712812200.052718401 1.00003 10064
1712812218.269137000 1712812218.243505422 18191 1712812200.052718401 1.00003 10064
1712812218.294070000 1712812218.268504767 18216 1712812200.052718401 1.00003 10064
1712812218.319079000 1712812218.293504112 18241 1712812200.052718401 1.00003 10064
1712812218.344096000 1712812218.318503457 18266 1712812200.052718401 1.00003 10064
1712812218.369124000 1712812218.343502802 18291 1712812200.052718401 1.00003 10064
1712812218.394103000 1712812218.368502146 18316 1712812200.052718401 1.00003 10064
1712812218.419115000 1712812218.393501491 18341 1712812200.052718401 1.00003 10064
1712812218.444123000 1712812218.418500836 18366 1712812200.052718401 1.00003 10064
1712812218.469149000 1712812218.443500181 18391 1712812200.052718401 1.00003 10064
1712812218.494134000 1712812218.468499526 18416 1712812200.052718401 1.00003 10064
1712812218.519228000 1712812218.493498871 18441 1712812200.052718401 1.00003 10064
1712812218.544164000 1712812218.518498215 18466 1712812200.052718401 1.00003 10064
1712812218.569160000 1712812218.544497534 18492 1712812200.052718401 1.00003 10064
1712812218.594149000 1712812218.569496879 18517 1712812200.052718401 1.00003 10064
1712812218.619178000 1712812218.594496224 18542 1712812200.052718401 1.00003 10064
1712812218.644150000 1712812218.619495569 18567 1712812200.052718401 1.00003 10064
1712812218.669167000 1712812218.644494913 18592 1712812200.052718401 1.00003 10064
1712812218.694142000 1712812218.669494258 18617 1712812200.052718401 1.00003 10064
1712812218.719215000 1712812218.694493603 18642 1712812200.052718401 1.00003 10064
1712812218.744160000 1712812218.719492948 18667 1712812200.052718401 1.00003 10064
1712812218.769239000 1712812218.743492319 18691 1712812200.052718401 1.00003 10064
1712812218.794155000 1712812218.768491664 18716 1712812200.052718401 1.00003 10064
1712812218.819126000 1712812218.793491009 18741 1712812200.052718401 1.00003 10064
1712812218.844143000 1712812218.818490354 18766 1712812200.052718401 1.00003 10064
1712812218.869079000 1712812218.843489698 18791 1712812200.052718401 1.00003 10064
1712812218.894160000 1712812218.868489043 18816 1712812200.052718401 1.00003 10064
1712812218.919061000 1712812218.893488388 18841 1712812200.052718401 1.00003 10064
1712812218.944055000 1712812218.918487733 18866 1712812200.052718401 1.00003 10064
1712812218.969089000 1712812218.943487078 18891 1712812200.052718401 1.00003 10064
1712812218.994078000 1712812218.968486423 18916 1712812200.052718401 1.00003 10064
1712812219.019111000 1712812218.993485767 18941 1712812200.052718401 1.00003 10064
1712812219.044038000 1712812219.018485112 18966 1712812200.052718401 1.00003 10064
1712812219.069187000 1712812219.043484457 18991 1712812200.052718401 1.00003 10064
1712812219.094049000 1712812219.068483802 19016 1712812200.052718401 1.00003 10064
1712812219.119008000 1712812219.093483147 19041 1712812200.052718401 1.00003 10064
1712812219.144020000 1712812219.118482492 19066 1712812200.052718401 1.00003 10064
1712812219.169062000 1712812219.143481837 19091 1712812200.052718401 1.00003 10064
1712812219.193998000 1712812219.168481181 19116 1712812200.052718401 1.00003 10064
1712812219.218973000 1712812219.193480526 19141 1712812200.052718401 1.00003 10064
1712812219.244008000 1712812219.218479871 19166 1712812200.052718401 1.00003 10064
1712812219.268994000 1712812219.243479216 19191 1712812200.052718401 1.00003 10064
1712812219.293948000 1712812219.268478561 19216 1712812200.052718401 1.00003 10064
1712812219.318974000 1712812219.293477906 19241 1712812200.052718401 1.00003 10064
1712812219.343970000 1712812219.318477250 19266 1712812200.052718401 1.00003 10064
1712812219.368996000 1712812219.343476595 19291 1712812200.052718401 1.00003 10064
1712812219.394106000 1712812219.368475940 19316 1712812200.052718401 1.00003 10064
1712812219.418959000 1712812219.393475285 19341 1712812200.052718401 1.00003 10064
1712812219.443933000 1712812219.418474630 19366 1712812200.052718401 1.00003 10064
1712812219.468976000 1712812219.443473975 19391 1712812200.052718401 1.00003 10064
1712812219.493973000 1712812219.468473319 19416 1712812200.052718401 1.00003 10064
1712812219.519066000 1712812219.493472664 19441 1712812200.052718401 1.00003 10064
1712812219.543932000 1712812219.518472009 19466 1712812200.052718401 1.00003 10064
1712812219.568975000 1712812219.543471354 19491 1712812200.052718401 1.00003 10064
1712812219.593919000 1712812219.568470699 19516 1712812200.052718401 1.00003 10064
1712812219.618945000 1712812219.593470044 19541 1712812200.052718401 1.00003 10064
1712812219.643927000 1712812219.618469389 19566 1712812200.052718401 1.00003 10064
1712812219.668874000 1712812219.643468733 19591 1712812200.052718401 1.00003 10064
1712812219.693895000 1712812219.668468078 19616 1712812200.052718401 1.00003 10064
1712812219.718869000 1712812219.693467423 19641 1712812200.052718401 1.00003 10064
1712812219.743858000 1712812219.718466768 19666 1712812200.052718401 1.00003 10064
1712812219.768921000 1712812219.743466113 19691 1712812200.052718401 1.00003 10064
1712812219.793867000 1712812219.768465458 19716 1712812200.052718401 1.00003 10064
1712812219.818920000 1712812219.793464802 19741 1712812200.052718401 1.00003 10064
1712812219.843885000 1712812219.818464147 19766 1712812200.052718401 1.00003 10064
1712812219.868884000 1712812219.843463492 19791 1712812200.052718401 1.00003 10064
1712812219.893915000 1712812219.868462837 19816 1712812200.052718401 1.00003 10064
1712812219.918895000 1712812219.893462182 19841 1712812200.052718401 1.00003 10064
1712812219.943890000 1712812219.918461527 19866 1712812200.052718401 1.00003 10064
1712812219.968887000 1712812219.943460871 19891 1712812200.052718401 1.00003 10064
1712812219.993894000 1712812219.968460216 19916 1712812200.052718401 1.00003 10064
1712812220.018941000 1712812219.993459561 19941 1712812200.052718401 1.00003 10064
1712812220.043919000 1712812220.018458906 19966 1712812200.052718401 1.00003 10064
1712812220.068975000 1712812220.043458251 19991 1712812200.052718401 1.00003 10064
1712812220.168867000 1712812220.143493749 20091 1712812200.052494287 1.00002 20067
1712812220.193835000 1712812220.168493189 20116 1712812200.052494287 1.00002 20067
1712812220.218812000 1712812220.193492629 20141 1712812200.052494287 1.00002 20067
1712812220.243776000 1712812220.218492069 20166 1712812200.052494287 1.00002 20067
1712812220.268792000 1712812220.243491509 20191 1712812200.052494287 1.00002 20067
1712812220.293758000 1712812220.268490949 20216 1712812200.052494287 1.00002 20067
1712812220.318749000 1712812220.293490389 20241 1712812200.052494287 1.00002 20067
1712812220.343761000 1712812220.318489828 20266 1712812200.052494287 1.00002 20067
1712812220.368748000 1712812220.343489268 20291 1712812200.052494287 1.00002 20067
1712812220.393762000 1712812220.368488708 20316 1712812200.052494287 1.00002 20067
1712812220.418821000 1712812220.393488148 20341 1712812200.052494287 1.00002 20067
1712812220.443807000 1712812220.418487588 20366 1712812200.052494287 1.00002 20067
1712812220.468775000 1712812220.443487028 20391 1712812200.052494287 1.00002 20067
1712812220.493776000 1712812220.468486468 20416 1712812200.052494287 1.00002 20067
1712812220.518797000 1712812220.493485908 20441 1712812200.052494287 1.00002 20067
1712812220.543922000 1712812220.518485348 20466 1712812200.052494287 1.00002 20067
1712812220.568831000 1712812220.543484787 20491 1712812200.052494287 1.00002 20067
1712812220.593799000 1712812220.568484227 20516 1712812200.052494287 1.00002 20067
1712812220.618813000 1712812220.593483667 20541 1712812200.052494287 1.00002 20067
1712812220.643829000 1712812220.618483107 20566 1712812200.052494287 1.00002 20067
1712812220.668816000 1712812220.643482547 20591 1712812200.052494287 1.00002 20067
1712812220.693801000 1712812220.668481987 20616 1712812200.052494287 1.00002 20067
1712812220.718772000 1712812220.693481427 20641 1712812200.052494287 1.00002 20067
1712812220.743788000 1712812220.718480867 20666 1712812200.052494287 1.00002 20067
1712812220.768747000 1712812220.743480307 20691 1712812200.052494287 1.00002 20067
1712812220.793819000 1712812220.768479746 20716 1712812200.052494287 1.00002 20067
1712812220.818763000 1712812220.793479186 20741 1712812200.052494287 1.00002 20067
1712812220.843756000 1712812220.818478626 20766 1712812200.052494287 1.00002 20067
1712812220.868712000 1712812220.843478066 20791 1712812200.052494287 1.00002 20067
1712812220.893731000 1712812220.868477506 20816 1712812200.052494287 1.00002 20067
1712812220.918798000 1712812220.893476946 20841 1712812200.052494287 1.00002 20067
1712812220.943757000 1712812220.918476386 20866 1712812200.052494287 1.00002 20067
1712812220.968716000 1712812220.943475826 20891 1712812200.052494287 1.00002 20067
1712812220.993723000 1712812220.968475266 20916 1712812200.052494287 1.00002 20067
1712812221.018745000 1712812220.993474705 20941 1712812200.052494287 1.00002 20067
1712812221.043743000 1712812221.018474145 20966 1712812200.052494287 1.00002 20067
1712812221.068706000 1712812221.043473585 20991 1712812200.052494287 1.00002 20067
1712812221.093703000 1712812221.068473025 21016 1712812200.052494287 1.00002 20067
1712812221.118719000 1712812221.093472465 21041 1712812200.052494287 1.00002 20067
1712812221.143737000 1712812221.118471905 21066 1712812200.052494287 1.00002 20067
1712812221.168812000 1712812221.143471345 21091 1712812200.052494287 1.00002 20067
1712812221.193696000 1712812221.168470785 21116 1712812200.052494287 1.00002 20067
1712812221.218668000 1712812221.193470225 21141 1712812200.052494287 1.00002 20067
1712812221.243671000 1712812221.218469664 21166 1712812200.052494287 1.00002 20067
1712812221.268686000 1712812221.243469104 21191 1712812200.052494287 1.00002 20067
1712812221.293648000 1712812221.268468544 21216 1712812200.052494287 1.00002 20067
1712812221.318901000 1712812221.293467984 21241 1712812200.052494287 1.00002 20067
1712812221.343620000 1712812221.318467424 21266 1712812200.052494287 1.00002 20067
1712812221.368653000 1712812221.343466864 21291 1712812200.052494287 1.00002 20067
1712812221.393656000 1712812221.368466304 21316 1712812200.052494287 1.00002 20067
1712812221.418689000 1712812221.393465744 21341 1712812200.052494287 1.00002 20067
1712812221.443618000 1712812221.418465184 21366 1712812200.052494287 1.00002 20067
1712812221.468610000 1712812221.443464623 21391 1712812200.052494287 1.00002 20067
1712812221.493595000 1712812221.468464063 21416 1712812200.052494287 1.00002 20067
1712812221.518686000 1712812221.493463503 21441 1712812200.052494287 1.00002 20067
1712812221.543624000 1712812221.518462943 21466 1712812200.052494287 1.00002 20067
1712812221.568634000 1712812221.543462383 21491 1712812200.052494287 1.00002 20067
1712812221.593621000 1712812221.568461823 21516 1712812200.052494287 1.00002 20067
1712812221.618630000 1712812221.593461263 21541 1712812200.052494287 1.00002 20067
1712812221.643638000 1712812221.618460703 21566 1712812200.052494287 1.00002 20067
1712812221.668657000 1712812221.643460142 21591 1712812200.052494287 1.00002 20067
1712812221.693645000 1712812221.668459582 21616 1712812200.052494287 1.00002 20067
1712812221.718616000 1712812221.693459022 21641 1712812200.052494287 1.00002 20067
1712812221.743625000 1712812221.718458462 21666 1712812200.052494287 1.00002 20067
1712812221.768644000 1712812221.743457902 21691 1712812200.052494287 1.00002 20067
1712812221.793590000 1712812221.768457342 21716 1712812200.052494287 1.00002 20067
1712812221.818579000 1712812221.793456782 21741 1712812200.052494287 1.00002 20067
1712812221.843567000 1712812221.818456222 21766 1712812200.052494287 1.00002 20067
1712812221.868589000 1712812221.843455662 21791 1712812200.052494287 1.00002 20067
1712812221.893534000 1712812221.868455101 21816 1712812200.052494287 1.00002 20067
1712812221.918558000 1712812221.893454541 21841 1712812200.052494287 1.00002 20067
1712812221.943594000 1712812221.918453981 21866 1712812200.052494287 1.00002 20067
1712812221.968555000 1712812221.943453421 21891 1712812200.052494287 1.00002 20067
1712812221.993560000 1712812221.968452861 21916 1712812200.052494287 1.00002 20067
1712812222.018556000 1712812221.993452301 21941 1712812200.052494287 1.00002 20067
1712812222.043558000 1712812222.018451741 21966 1712812200.052494287 1.00002 20067
1712812222.068561000 1712812222.043451181 21991 1712812200.052494287 1.00002 20067
1712812222.093568000 1712812222.068450621 22016 1712812200.052494287 1.00002 20067
1712812222.118570000 1712812222.093450060 22041 1712812200.052494287 1.00002 20067
1712812222.143553000 1712812222.118449500 22066 1712812200.052494287 1.00002 20067
1712812222.168559000 1712812222.143448940 22091 1712812200.052494287 1.00002 20067
1712812222.193623000 1712812222.168448380 22116 1712812200.052494287 1.00002 20067
1712812222.218606000 1712812222.193447820 22141 1712812200.052494287 1.00002 20067
1712812222.243603000 1712812222.218447260 22166 1712812200.052494287 1.00002 20067
1712812222.268609000 1712812222.243446700 22191 1712812200.052494287 1.00002 20067
1712812222.293633000 1712812222.268446140 22216 1712812200.052494287 1.00002 20067
1712812222.318723000 1712812222.293445580 22241 1712812200.052494287 1.00002 20067
1712812222.343618000 1712812222.318445019 22266 1712812200.052494287 1.00002 20067
1712812222.368621000 1712812222.343444459 22291 1712812200.052494287 1.00002 20067
1712812222.393634000 1712812222.368443899 22316 1712812200.052494287 1.00002 20067
1712812222.418581000 1712812222.393443339 22341 1712812200.052494287 1.00002 20067
1712812222.443679000 1712812222.418442779 22366 1712812200.052494287 1.00002 20067
1712812222.468558000 1712812222.443442219 22391 1712812200.052494287 1.00002 20067
1712812222.493569000 1712812222.468441659 22416 1712812200.052494287 1.00002 20067
1712812222.518589000 1712812222.493441099 22441 1712812200.052494287 1.00002 20067
1712812222.543597000 1712812222.518440539 22466 1712812200.052494287 1.00002 20067
1712812222.568657000 1712812222.543439978 22491 1712812200.052494287 1.00002 20067
1712812222.593907000 1712812222.568439418 22516 1712812200.052494287 1.00002 20067
1712812222.618586000 1712812222.593438858 22541 1712812200.052494287 1.00002 20067
1712812222.643623000 1712812222.618438298 22566 1712812200.052494287 1.00002 20067
1712812222.668567000 1712812222.643437738 22591 1712812200.052494287 1.00002 20067
1712812222.693673000 1712812222.668437178 22616 1712812200.052494287 1.00002 20067
1712812222.718548000 1712812222.693436618 22641 1712812200.052494287 1.00002 20067
1712812222.743544000 1712812222.718436058 22666 1712812200.052494287 1.00002 20067
1712812222.768546000 1712812222.743435497 22691 1712812200.052494287 1.00002 20067
1712812222.793559000 1712812222.768434937 22716 1712812200.052494287 1.00002 20067
1712812222.818584000 1712812222.793434377 22741 1712812200.052494287 1.00002 20067
1712812222.843536000 1712812222.818433817 22766 1712812200.052494287 1.00002 20067
1712812222.868542000 1712812222.843433257 22791 1712812200.052494287 1.00002 20067
1712812222.893544000 1712812222.868432697 22816 1712812200.052494287 1.00002 20067
1712812222.918563000 1712812222.893432137 22841 1712812200.052494287 1.00002 20067
1712812222.943546000 1712812222.918431577 22866 1712812200.052494287 1.00002 20067
1712812222.968555000 1712812222.943431017 22891 1712812200.052494287 1.00002 20067
1712812222.993518000 1712812222.968430456 22916 1712812200.052494287 1.00002 20067
1712812223.018531000 1712812222.993429896 22941 1712812200.052494287 1.00002 20067
1712812223.043546000 1712812223.018429336 22966 1712812200.052494287 1.00002 20067
1712812223.068593000 1712812223.043428776 22991 1712812200.052494287 1.00002 20067
1712812223.093587000 1712812223.068428216 23016 1712812200.052494287 1.00002 20067
1712812223.118526000 1712812223.093427656 23041 1712812200.052494287 1.00002 20067
1712812223.143547000 1712812223.118427096 23066 1712812200.052494287 1.00002 20067
1712812223.168570000 1712812223.143426536 23091 1712812200.052494287 1.00002 20067
1712812223.193548000 1712812223.168425976 23116 1712812200.052494287 1.00002 20067
1712812223.218632000 1712812223.193425415 23141 1712812200.052494287 1.00002 20067
1712812223.243554000 1712812223.218424855 23166 1712812200.052494287 1.00002 20067
1712812223.268598000 1712812223.243424295 23191 1712812200.052494287 1.00002 20067
1712812223.293565000 1712812223.268423735 23216 1712812200.052494287 1.00002 20067
1712812223.318613000 1712812223.293423175 23241 1712812200.052494287 1.00002 20067
1712812223.343515000 1712812223.318422615 23266 1712812200.052494287 1.00002 20067
1712812223.368542000 1712812223.343422055 23291 1712812200.052494287 1.00002 20067
1712812223.393614000 1712812223.368421495 23316 1712812200.052494287 1.00002 20067
1712812223.418562000 1712812223.393420935 23341 1712812200.052494287 1.00002 20067
1712812223.443505000 1712812223.418420374 23366 1712812200.052494287 1.00002 20067
1712812223.468574000 1712812223.443419814 23391 1712812200.052494287 1.00002 20067
1712812223.493520000 1712812223.468419254 23416 1712812200.052494287 1.00002 20067
1712812223.518569000 1712812223.493418694 23441 1712812200.052494287 1.00002 20067
1712812223.543528000 1712812223.518418134 23466 1712812200.052494287 1.00002 20067
1712812223.568520000 1712812223.543417574 23491 1712812200.052494287 1.00002 20067
1712812223.593523000 1712812223.568417014 23516 1712812200.052494287 1.00002 20067
1712812223.618520000 1712812223.593416454 23541 1712812200.052494287 1.00002 20067
1712812223.643506000 1712812223.618415894 23566 1712812200.052494287 1.00002 20067
1712812223.668570000 1712812223.643415333 23591 1712812200.052494287 1.00002 20067
1712812223.693543000 1712812223.668414773 23616 1712812200.052494287 1.00002 20067
1712812223.718574000 1712812223.693414213 23641 1712812200.052494287 1.00002 20067
1712812223.743601000 1712812223.718413653 23666 1712812200.052494287 1.00002 20067
1712812223.768587000 1712812223.743413093 23691 1712812200.052494287 1.00002 20067
1712812223.793610000 1712812223.768412533 23716 1712812200.052494287 1.00002 20067
1712812223.818627000 1712812223.793411973 23741 1712812200.052494287 1.00002 20067
1712812223.843644000 1712812223.818411413 23766 1712812200.052494287 1.00002 20067
1712812223.868577000 1712812223.843410853 23791 1712812200.052494287 1.00002 20067
1712812223.893578000 1712812223.868410292 23816 1712812200.052494287 1.00002 20067
1712812223.918568000 1712812223.893409732 23841 1712812200.052494287 1.00002 20067
1712812223.943574000 1712812223.918409172 23866 1712812200.052494287 1.00002 20067
1712812223.968537000 1712812223.943408612 23891 1712812200.052494287 1.00002 20067
1712812223.993527000 1712812223.968408052 23916 1712812200.052494287 1.00002 20067
1712812224.018554000 1712812223.993407492 23941 1712812200.052494287 1.00002 20067
1712812224.043530000 1712812224.018406932 23966 1712812200.052494287 1.00002 20067
1712812224.068555000 1712812224.043406372 23991 1712812200.052494287 1.00002 20067
1712812224.093588000 1712812224.068405811 24016 1712812200.052494287 1.00002 20067
1712812224.118558000 1712812224.093405251 24041 1712812200.052494287 1.00002 20067
1712812224.143584000 1712812224.118404691 24066 1712812200.052494287 1.00002 20067
1712812224.168602000 1712812224.143404131 24091 1712812200.052494287 1.00002 20067
1712812224.193603000 1712812224.168403571 24116 1712812200.052494287 1.00002 20067
1712812224.218587000 1712812224.193403011 24141 1712812200.052494287 1.00002 20067
1712812224.243550000 1712812224.218402451 24166 1712812200.052494287 1.00002 20067
1712812224.268572000 1712812224.243401891 24191 1712812200.052494287 1.00002 20067
1712812224.293566000 1712812224.268401331 24216 1712812200.052494287 1.00002 20067
1712812224.318570000 1712812224.293400770 24241 1712812200.052494287 1.00002 20067
1712812224.343563000 1712812224.318400210 24266 1712812200.052494287 1.00002 20067
1712812224.368852000 1712812224.343399650 24291 1712812200.052494287 1.00002 20067
1712812224.393538000 1712812224.368399090 24316 1712812200.052494287 1.00002 20067
1712812224.418544000 1712812224.393398530 24341 1712812200.052494287 1.00002 20067
1712812224.443551000 1712812224.418397970 24366 1712812200.052494287 1.00002 20067
1712812224.468634000 1712812224.443397410 24391 1712812200.052494287 1.00002 20067
1712812224.493563000 1712812224.468396850 24416 1712812200.052494287 1.00002 20067
1712812224.518556000 1712812224.493396290 24441 1712812200.052494287 1.00002 20067
1712812224.543570000 1712812224.518395729 24466 1712812200.052494287 1.00002 20067
1712812224.568586000 1712812224.543395169 24491 1712812200.052494287 1.00002 20067
1712812224.593673000 1712812224.568394609 24516 1712812200.052494287 1.00002 20067
1712812224.618611000 1712812224.593394049 24541 1712812200.052494287 1.00002 20067
1712812224.643589000 1712812224.618393489 24566 1712812200.052494287 1.00002 20067
1712812224.668635000 1712812224.643392929 24591 1712812200.052494287 1.00002 20067
1712812224.695355000 1712812224.668392369 24616 1712812200.052494287 1.00002 20067
1712812224.718650000 1712812224.693391809 24641 1712812200.052494287 1.00002 20067
1712812224.743614000 1712812224.718391249 24666 1712812200.052494287 1.00002 20067
1712812224.768654000 1712812224.743390688 24691 1712812200.052494287 1.00002 20067
1712812224.793587000 1712812224.768390128 24716 1712812200.052494287 1.00002 20067
1712812224.818626000 1712812224.793389568 24741 1712812200.052494287 1.00002 20067
1712812224.843693000 1712812224.818389008 24766 1712812200.052494287 1.00002 20067
1712812224.868586000 1712812224.843388448 24791 1712812200.052494287 1.00002 20067
1712812224.893587000 1712812224.868387888 24816 1712812200.052494287 1.00002 20067
1712812224.918606000 1712812224.893387328 24841 1712812200.052494287 1.00002 20067
1712812224.943606000 1712812224.918386768 24866 1712812200.052494287 1.00002 20067
1712812224.968761000 1712812224.943386208 24891 1712812200.052494287 1.00002 20067
1712812224.993622000 1712812224.968385647 24916 1712812200.052494287 1.00002 20067
1712812225.018646000 1712812224.993385087 24941 1712812200.052494287 1.00002 20067
1712812225.043655000 1712812225.018384527 24966 1712812200.052494287 1.00002 20067
1712812225.068662000 1712812225.043383967 24991 1712812200.052494287 1.00002 20067
1712812225.093651000 1712812225.068383407 25016 1712812200.052494287 1.00002 20067
1712812225.118763000 1712812225.093382847 25041 1712812200.052494287 1.00002 20067
1712812225.143654000 1712812225.118382287 25066 1712812200.052494287 1.00002 20067
1712812225.168698000 1712812225.143381727 25091 1712812200.052494287 1.00002 20067
1712812225.193658000 1712812225.168381166 25116 1712812200.052494287 1.00002 20067
1712812225.218693000 1712812225.193380606 25141 1712812200.052494287 1.00002 20067
1712812225.243709000 1712812225.218380046 25166 1712812200.052494287 1.00002 20067
1712812225.268727000 1712812225.243379486 25191 1712812200.052494287 1.00002 20067
1712812225.293615000 1712812225.268378926 25216 1712812200.052494287 1.00002 20067
1712812225.318671000 1712812225.293378366 25241 1712812200.052494287 1.00002 20067
1712812225.343671000 1712812225.318377806 25266 1712812200.052494287 1.00002 20067
1712812225.368672000 1712812225.343377246 25291 1712812200.052494287 1.00002 20067
1712812225.393678000 1712812225.368376686 25316 1712812200.052494287 1.00002 20067
1712812225.418748000 1712812225.393376125 25341 1712812200.052494287 1.00002 20067
1712812225.443681000 1712812225.418375565 25366 1712812200.052494287 1.00002 20067
1712812225.468741000 1712812225.443375005 25391 1712812200.052494287 1.00002 20067
1712812225.493671000 1712812225.468374445 25416 1712812200.052494287 1.00002 20067
1712812225.518654000 1712812225.493373885 25441 1712812200.052494287 1.00002 20067
1712812225.543683000 1712812225.518373325 25466 1712812200.052494287 1.00002 20067
1712812225.568735000 1712812225.543372765 25491 1712812200.052494287 1.00002 20067
1712812225.593648000 1712812225.568372205 25516 1712812200.052494287 1.00002 20067
1712812225.618731000 1712812225.593371645 25541 1712812200.052494287 1.00002 20067
1712812225.643667000 1712812225.618371084 25566 1712812200.052494287 1.00002 20067
1712812225.668683000 1712812225.643370524 25591 1712812200.052494287 1.00002 20067
1712812225.693665000 1712812225.668369964 25616 1712812200.052494287 1.00002 20067
1712812225.718727000 1712812225.693369404 25641 1712812200.052494287 1.00002 20067
1712812225.743736000 1712812225.718368844 25666 1712812200.052494287 1.00002 20067
1712812225.768758000 1712812225.743368284 25691 1712812200.052494287 1.00002 20067
1712812225.793692000 1712812225.768367724 25716 1712812200.052494287 1.00002 20067
1712812225.818679000 1712812225.793367164 25741 1712812200.052494287 1.00002 20067
1712812225.843680000 1712812225.818366604 25766 1712812200.052494287 1.00002 20067
1712812225.868780000 1712812225.843366043 25791 1712812200.052494287 1.00002 20067
1712812225.893694000 1712812225.868365483 25816 1712812200.052494287 1.00002 20067
1712812225.918625000 1712812225.893364923 25841 1712812200.052494287 1.00002 20067
1712812225.943675000 1712812225.918364363 25866 1712812200.052494287 1.00002 20067
1712812225.968650000 1712812225.943363803 25891 1712812200.052494287 1.00002 20067
1712812225.993669000 1712812225.968363243 25916 1712812200.052494287 1.00002 20067
1712812226.018735000 1712812225.993362683 25941 1712812200.052494287 1.00002 20067
1712812226.043621000 1712812226.018362123 25966 1712812200.052494287 1.00002 20067
1712812226.068629000 1712812226.043361563 25991 1712812200.052494287 1.00002 20067
1712812226.093649000 1712812226.068361002 26016 1712812200.052494287 1.00002 20067
1712812226.118698000 1712812226.093360442 26041 1712812200.052494287 1.00002 20067
1712812226.143599000 1712812226.118359882 26066 1712812200.052494287 1.00002 20067
1712812226.168694000 1712812226.143359322 26091 1712812200.052494287 1.00002 20067
1712812226.193579000 1712812226.168358762 26116 1712812200.052494287 1.00002 20067
1712812226.218681000 1712812226.193358202 26141 1712812200.052494287 1.00002 20067
1712812226.243668000 1712812226.218357642 26166 1712812200.052494287 1.00002 20067
1712812226.268632000 1712812226.243357082 26191 1712812200.052494287 1.00002 20067
1712812226.293679000 1712812226.268356522 26216 1712812200.052494287 1.00002 20067
1712812226.318724000 1712812226.293355961 26241 1712812200.052494287 1.00002 20067
1712812226.343627000 1712812226.318355401 26266 1712812200.052494287 1.00002 20067
1712812226.368690000 1712812226.343354841 26291 1712812200.052494287 1.00002 20067
1712812226.393594000 1712812226.368354281 26316 1712812200.052494287 1.00002 20067
1712812226.418650000 1712812226.393353721 26341 1712812200.052494287 1.00002 20067
1712812226.443635000 1712812226.418353161 26366 1712812200.052494287 1.00002 20067
1712812226.468643000 1712812226.443352601 26391 1712812200.052494287 1.00002 20067
1712812226.493596000 1712812226.468352041 26416 1712812200.052494287 1.00002 20067
1712812226.518580000 1712812226.493351480 26441 1712812200.052494287 1.00002 20067
1712812226.543595000 1712812226.518350920 26466 1712812200.052494287 1.00002 20067
1712812226.568625000 1712812226.543350360 26491 1712812200.052494287 1.00002 20067
1712812226.593610000 1712812226.568349800 26516 1712812200.052494287 1.00002 20067
1712812226.618743000 1712812226.593349240 26541 1712812200.052494287 1.00002 20067
1712812226.643637000 1712812226.618348680 26566 1712812200.052494287 1.00002 20067
1712812226.668662000 1712812226.643348120 26591 1712812200.052494287 1.00002 20067
1712812226.693638000 1712812226.668347560 26616 1712812200.052494287 1.00002 20067
1712812226.718649000 1712812226.693347000 26641 1712812200.052494287 1.00002 20067
1712812226.743599000 1712812226.718346439 26666 1712812200.052494287 1.00002 20067
1712812226.768724000 1712812226.743345879 26691 1712812200.052494287 1.00002 20067
1712812226.793631000 1712812226.768345319 26716 1712812200.052494287 1.00002 20067
1712812226.818674000 1712812226.793344759 26741 1712812200.052494287 1.00002 20067
1712812226.843574000 1712812226.818344199 26766 1712812200.052494287 1.00002 20067
1712812226.868701000 1712812226.843343639 26791 1712812200.052494287 1.00002 20067
1712812226.893607000 1712812226.868343079 26816 1712812200.052494287 1.00002 20067
1712812226.918675000 1712812226.893342519 26841 1712812200.052494287 1.00002 20067
1712812226.943643000 1712812226.918341959 26866 1712812200.052494287 1.00002 20067
1712812226.968612000 1712812226.943341398 26891 1712812200.052494287 1.00002 20067
1712812226.993619000 1712812226.968340838 26916 1712812200.052494287 1.00002 20067
1712812227.018694000 1712812226.993340278 26941 1712812200.052494287 1.00002 20067
1712812227.043582000 1712812227.018339718 26966 1712812200.052494287 1.00002 20067
1712812227.068698000 1712812227.043339158 26991 1712812200.052494287 1.00002 20067
1712812227.093567000 1712812227.068338598 27016 1712812200.052494287 1.00002 20067
1712812227.118587000 1712812227.093338038 27041 1712812200.052494287 1.00002 20067
1712812227.143618000 1712812227.118337478 27066 1712812200.052494287 1.00002 20067
1712812227.168609000 1712812227.143336918 27091 1712812200.052494287 1.00002 20067
1712812227.193580000 1712812227.168336357 27116 1712812200.052494287 1.00002 20067
1712812227.218675000 1712812227.193335797 27141 1712812200.052494287 1.00002 20067
1712812227.243590000 1712812227.218335237 27166 1712812200.052494287 1.00002 20067
1712812227.268566000 1712812227.243334677 27191 1712812200.052494287 1.00002 20067
1712812227.293550000 1712812227.268334117 27216 1712812200.052494287 1.00002 20067
1712812227.318594000 1712812227.293333557 27241 1712812200.052494287 1.00002 20067
1712812227.343572000 1712812227.318332997 27266 1712812200.052494287 1.00002 20067
1712812227.368755000 1712812227.343332437 27291 1712812200.052494287 1.00002 20067
1712812227.393613000 1712812227.368331877 27316 1712812200.052494287 1.00002 20067
1712812227.418619000 1712812227.393331316 27341 1712812200.052494287 1.00002 20067
1712812227.443558000 1712812227.418330756 27366 1712812200.052494287 1.00002 20067
1712812227.468522000 1712812227.443330196 27391 1712812200.052494287 1.00002 20067
1712812227.493517000 1712812227.468329636 27416 1712812200.052494287 1.00002 20067
1712812227.518647000 1712812227.493329076 27441 1712812200.052494287 1.00002 20067
1712812227.543535000 1712812227.518328516 27466 1712812200.052494287 1.00002 20067
1712812227.568558000 1712812227.543327956 27491 1712812200.052494287 1.00002 20067
1712812227.593530000 1712812227.568327396 27516 1712812200.052494287 1.00002 20067
1712812227.618540000 1712812227.593326835 27541 1712812200.052494287 1.00002 20067
1712812227.643511000 1712812227.618326275 27566 1712812200.052494287 1.00002 20067
1712812227.668596000 1712812227.643325715 27591 1712812200.052494287 1.00002 20067
1712812227.693515000 1712812227.668325155 27616 1712812200.052494287 1.00002 20067
1712812227.718495000 1712812227.693324595 27641 1712812200.052494287 1.00002 20067
1712812227.743512000 1712812227.718324035 27666 1712812200.052494287 1.00002 20067
1712812227.768517000 1712812227.743323475 27691 1712812200.052494287 1.00002 20067
1712812227.793475000 1712812227.768322915 27716 1712812200.052494287 1.00002 20067
1712812227.818604000 1712812227.793322355 27741 1712812200.052494287 1.00002 20067
1712812227.843468000 1712812227.818321794 27766 1712812200.052494287 1.00002 20067
1712812227.868537000 1712812227.843321234 27791 1712812200.052494287 1.00002 20067
1712812227.893490000 1712812227.868320674 27816 1712812200.052494287 1.00002 20067
1712812227.918508000 1712812227.893320114 27841 1712812200.052494287 1.00002 20067
1712812227.943471000 1712812227.918319554 27866 1712812200.052494287 1.00002 20067
1712812227.968590000 1712812227.943318994 27891 1712812200.052494287 1.00002 20067
1712812227.993515000 1712812227.968318434 27916 1712812200.052494287 1.00002 20067
1712812228.018533000 1712812227.993317874 27941 1712812200.052494287 1.00002 20067
1712812228.043525000 1712812228.018317314 27966 1712812200.052494287 1.00002 20067
1712812228.068512000 1712812228.043316753 27991 1712812200.052494287 1.00002 20067
1712812228.093483000 1712812228.068316193 28016 1712812200.052494287 1.00002 20067
1712812228.118596000 1712812228.093315633 28041 1712812200.052494287 1.00002 20067
1712812228.143520000 1712812228.118315073 28066 1712812200.052494287 1.00002 20067
1712812228.168489000 1712812228.143314513 28091 1712812200.052494287 1.00002 20067
1712812228.193435000 1712812228.168313953 28116 1712812200.052494287 1.00002 20067
1712812228.218445000 1712812228.193313393 28141 1712812200.052494287 1.00002 20067
1712812228.243426000 1712812228.218312833 28166 1712812200.052494287 1.00002 20067
1712812228.268491000 1712812228.243312273 28191 1712812200.052494287 1.00002 20067
1712812228.293428000 1712812228.268311712 28216 1712812200.052494287 1.00002 20067
1712812228.318395000 1712812228.293311152 28241 1712812200.052494287 1.00002 20067
1712812228.343430000 1712812228.318310592 28266 1712812200.052494287 1.00002 20067
1712812228.368425000 1712812228.343310032 28291 1712812200.052494287 1.00002 20067
1712812228.393411000 1712812228.368309472 28316 1712812200.052494287 1.00002 20067
1712812228.418473000 1712812228.393308912 28341 1712812200.052494287 1.00002 20067
1712812228.443426000 1712812228.418308352 28366 1712812200.052494287 1.00002 20067
1712812228.468394000 1712812228.443307792 28391 1712812200.052494287 1.00002 20067
1712812228.493374000 1712812228.468307232 28416 1712812200.052494287 1.00002 20067
1712812228.518442000 1712812228.493306671 28441 1712812200.052494287 1.00002 20067
1712812228.543355000 1712812228.518306111 28466 1712812200.052494287 1.00002 20067
1712812228.568401000 1712812228.543305551 28491 1712812200.052494287 1.00002 20067
1712812228.593364000 1712812228.568304991 28516 1712812200.052494287 1.00002 20067
1712812228.618326000 1712812228.593304431 28541 1712812200.052494287 1.00002 20067
1712812228.643376000 1712812228.618303871 28566 1712812200.052494287 1.00002 20067
1712812228.668348000 1712812228.643303311 28591 1712812200.052494287 1.00002 20067
1712812228.693343000 1712812228.668302751 28616 1712812200.052494287 1.00002 20067
1712812228.718482000 1712812228.693302190 28641 1712812200.052494287 1.00002 20067
1712812228.743370000 1712812228.718301630 28666 1712812200.052494287 1.00002 20067
1712812228.768379000 1712812228.743301070 28691 1712812200.052494287 1.00002 20067
1712812228.793382000 1712812228.768300510 28716 1712812200.052494287 1.00002 20067
1712812228.818350000 1712812228.793299950 28741 1712812200.052494287 1.00002 20067
1712812228.843374000 1712812228.818299390 28766 1712812200.052494287 1.00002 20067
1712812228.868437000 1712812228.843298830 28791 1712812200.052494287 1.00002 20067
1712812228.893373000 1712812228.868298270 28816 1712812200.052494287 1.00002 20067
1712812228.918327000 1712812228.893297710 28841 1712812200.052494287 1.00002 20067
1712812228.943318000 1712812228.918297149 28866 1712812200.052494287 1.00002 20067
1712812228.968290000 1712812228.943296589 28891 1712812200.052494287 1.00002 20067
1712812228.993312000 1712812228.968296029 28916 1712812200.052494287 1.00002 20067
1712812229.018433000 1712812228.993295469 28941 1712812200.052494287 1.00002 20067
1712812229.043329000 1712812229.018294909 28966 1712812200.052494287 1.00002 20067
1712812229.068318000 1712812229.043294349 28991 1712812200.052494287 1.00002 20067
1712812229.093320000 1712812229.068293789 29016 1712812200.052494287 1.00002 20067
1712812229.118308000 1712812229.093293229 29041 1712812200.052494287 1.00002 20067
1712812229.143310000 1712812229.118292669 29066 1712812200.052494287 1.00002 20067
1712812229.168368000 1712812229.143292108 29091 1712812200.052494287 1.00002 20067
1712812229.193267000 1712812229.168291548 29116 1712812200.052494287 1.00002 20067
1712812229.218280000 1712812229.193290988 29141 1712812200.052494287 1.00002 20067
1712812229.243252000 1712812229.218290428 29166 1712812200.052494287 1.00002 20067
1712812229.268365000 1712812229.243289868 29191 1712812200.052494287 1.00002 20067
1712812229.293235000 1712812229.268289308 29216 1712812200.052494287 1.00002 20067
1712812229.318230000 1712812229.293288748 29241 1712812200.052494287 1.00002 20067
1712812229.343202000 1712812229.318288188 29266 1712812200.052494287 1.00002 20067
1712812229.368200000 1712812229.343287628 29291 1712812200.052494287 1.00002 20067
1712812229.393201000 1712812229.368287067 29316 1712812200.052494287 1.00002 20067
1712812229.418222000 1712812229.393286507 29341 1712812200.052494287 1.00002 20067
1712812229.443171000 1712812229.418285947 29366 1712812200.052494287 1.00002 20067
1712812229.468166000 1712812229.443285387 29391 1712812200.052494287 1.00002 20067
1712812229.493125000 1712812229.468284827 29416 1712812200.052494287 1.00002 20067
1712812229.518187000 1712812229.493284267 29441 1712812200.052494287 1.00002 20067
1712812229.543096000 1712812229.518283707 29466 1712812200.052494287 1.00002 20067
1712812229.568085000 1712812229.543283147 29491 1712812200.052494287 1.00002 20067
1712812229.593021000 1712812229.568282587 29516 1712812200.052494287 1.00002 20067
1712812229.618065000 1712812229.593282026 29541 1712812200.052494287 1.00002 20067
1712812229.643000000 1712812229.618281466 29566 1712812200.052494287 1.00002 20067
1712812229.668016000 1712812229.643280906 29591 1712812200.052494287 1.00002 20067
1712812229.693000000 1712812229.668280346 29616 1712812200.052494287 1.00002 20067
1712812229.718021000 1712812229.693279786 29641 1712812200.052494287 1.00002 20067
1712812229.742972000 1712812229.718279226 29666 1712812200.052494287 1.00002 20067
1712812229.768145000 1712812229.743278666 29691 1712812200.052494287 1.00002 20067
1712812229.792983000 1712812229.768278106 29716 1712812200.052494287 1.00002 20067
1712812229.818026000 1712812229.793277546 29741 1712812200.052494287 1.00002 20067
1712812229.842977000 1712812229.818276985 29766 1712812200.052494287 1.00002 20067
1712812229.868037000 1712812229.843276425 29791 1712812200.052494287 1.00002 20067
1712812229.892946000 1712812229.868275865 29816 1712812200.052494287 1.00002 20067
1712812229.917976000 1712812229.893275305 29841 1712812200.052494287 1.00002 20067
1712812229.942973000 1712812229.918274745 29866 1712812200.052494287 1.00002 20067
1712812229.967944000 1712812229.943274185 29891 1712812200.052494287 1.00002 20067
1712812229.992942000 1712812229.968273625 29916 1712812200.052494287 1.00002 20067
1712812230.018010000 1712812229.993273065 29941 1712812200.052494287 1.00002 20067
1712812230.042885000 1712812230.018272504 29966 1712812200.052494287 1.00002 20067
1712812230.067984000 1712812230.043271944 29991 1712812200.052494287 1.00002 20067
1712812230.192875000 1712812230.167256374 30115 1712812200.052257061 1.00002 30086
1712812230.217860000 1712812230.192255782 30140 1712812200.052257061 1.00002 30086
1712812230.242735000 1712812230.217255191 30165 1712812200.052257061 1.00002 30086
1712812230.267808000 1712812230.242254599 30190 1712812200.052257061 1.00002 30086
1712812230.292786000 1712812230.267254007 30215 1712812200.052257061 1.00002 30086
1712812230.317821000 1712812230.292253415 30240 1712812200.052257061 1.00002 30086
1712812230.342720000 1712812230.317252823 30265 1712812200.052257061 1.00002 30086
1712812230.367751000 1712812230.342252231 30290 1712812200.052257061 1.00002 30086
1712812230.392716000 1712812230.367251639 30315 1712812200.052257061 1.00002 30086
1712812230.417723000 1712812230.392251047 30340 1712812200.052257061 1.00002 30086
1712812230.442692000 1712812230.417250455 30365 1712812200.052257061 1.00002 30086
1712812230.467703000 1712812230.442249863 30390 1712812200.052257061 1.00002 30086
1712812230.492667000 1712812230.467249271 30415 1712812200.052257061 1.00002 30086
1712812230.517738000 1712812230.492248679 30440 1712812200.052257061 1.00002 30086
1712812230.543025000 1712812230.517248087 30465 1712812200.052257061 1.00002 30086
1712812230.567728000 1712812230.542247495 30490 1712812200.052257061 1.00002 30086
1712812230.592701000 1712812230.567246904 30515 1712812200.052257061 1.00002 30086
1712812230.617683000 1712812230.592246312 30540 1712812200.052257061 1.00002 30086
1712812230.642618000 1712812230.617245720 30565 1712812200.052257061 1.00002 30086
1712812230.667657000 1712812230.642245128 30590 1712812200.052257061 1.00002 30086
1712812230.692625000 1712812230.667244536 30615 1712812200.052257061 1.00002 30086
1712812230.717688000 1712812230.692243944 30640 1712812200.052257061 1.00002 30086
1712812230.742633000 1712812230.717243352 30665 1712812200.052257061 1.00002 30086
1712812230.767652000 1712812230.742242760 30690 1712812200.052257061 1.00002 30086
1712812230.792651000 1712812230.767242168 30715 1712812200.052257061 1.00002 30086
1712812230.817643000 1712812230.792241576 30740 1712812200.052257061 1.00002 30086
1712812230.842637000 1712812230.817240984 30765 1712812200.052257061 1.00002 30086
1712812230.867619000 1712812230.842240392 30790 1712812200.052257061 1.00002 30086
1712812230.892592000 1712812230.867239800 30815 1712812200.052257061 1.00002 30086
1712812230.917636000 1712812230.892239208 30840 1712812200.052257061 1.00002 30086
1712812230.942631000 1712812230.917238617 30865 1712812200.052257061 1.00002 30086
1712812230.967664000 1712812230.942238025 30890 1712812200.052257061 1.00002 30086
1712812230.992660000 1712812230.967237433 30915 1712812200.052257061 1.00002 30086
1712812231.017695000 1712812230.992236841 30940 1712812200.052257061 1.00002 30086
1712812231.042631000 1712812231.017236249 30965 1712812200.052257061 1.00002 30086
1712812231.067669000 1712812231.042235657 30990 1712812200.052257061 1.00002 30086
1712812231.092635000 1712812231.067235065 31015 1712812200.052257061 1.00002 30086
1712812231.117623000 1712812231.092234473 31040 1712812200.052257061 1.00002 30086
1712812231.142613000 1712812231.117233881 31065 1712812200.052257061 1.00002 30086
1712812231.167643000 1712812231.142233289 31090 1712812200.052257061 1.00002 30086
1712812231.192656000 1712812231.167232697 31115 1712812200.052257061 1.00002 30086
1712812231.217638000 1712812231.192232105 31140 1712812200.052257061 1.00002 30086
1712812231.242601000 1712812231.217231513 31165 1712812200.052257061 1.00002 30086
1712812231.267632000 1712812231.242230922 31190 1712812200.052257061 1.00002 30086
1712812231.292563000 1712812231.267230330 31215 1712812200.052257061 1.00002 30086
1712812231.317617000 1712812231.292229738 31240 1712812200.052257061 1.00002 30086
1712812231.342597000 1712812231.317229146 31265 1712812200.052257061 1.00002 30086
1712812231.367607000 1712812231.342228554 31290 1712812200.052257061 1.00002 30086
1712812231.392660000 1712812231.367227962 31315 1712812200.052257061 1.00002 30086
1712812231.417628000 1712812231.392227370 31340 1712812200.052257061 1.00002 30086
1712812231.442660000 1712812231.417226778 31365 1712812200.052257061 1.00002 30086
1712812231.467660000 1712812231.442226186 31390 1712812200.052257061 1.00002 30086
1712812231.492645000 1712812231.467225594 31415 1712812200.052257061 1.00002 30086
1712812231.517665000 1712812231.492225002 31440 1712812200.052257061 1.00002 30086
1712812231.542657000 1712812231.517224410 31465 1712812200.052257061 1.00002 30086
1712812231.567727000 1712812231.542223818 31490 1712812200.052257061 1.00002 30086
1712812231.592682000 1712812231.567223226 31515 1712812200.052257061 1.00002 30086
1712812231.617726000 1712812231.592222635 31540 1712812200.052257061 1.00002 30086
